  0.0000000e+000  5.2244690e-002
  1.0000000e-002  1.5284064e-002
  2.0000000e-002 -6.1980736e-002
  3.0000000e-002  4.7100168e-002
  4.0000000e-002 -1.0888149e-001
  5.0000000e-002  2.4897321e-001
  6.0000000e-002  3.3048162e-001
  7.0000000e-002 -2.0995859e-001
  8.0000000e-002 -5.6740703e-003
  9.0000000e-002  1.8051292e-001
  1.0000000e-001  3.2541951e-001
  1.1000000e-001 -4.0455504e-001
  1.2000000e-001 -1.2935625e-001
  1.3000000e-001  7.2475457e-003
  1.4000000e-001 -1.2672793e-001
  1.5000000e-001 -1.5051069e-001
  1.6000000e-001 -2.6893720e-001
  1.7000000e-001 -7.5527079e-002
  1.8000000e-001 -2.5315085e-001
  1.9000000e-001  7.7739260e-002
  2.0000000e-001  2.9413688e-001
  2.1000000e-001 -3.1798894e-001
  2.2000000e-001  1.7933692e-001
  2.3000000e-001 -1.3276116e-001
  2.4000000e-001 -3.9737154e-001
  2.5000000e-001 -3.3450756e-001
  2.6000000e-001  2.1650727e-001
  2.7000000e-001  2.7657661e-002
  2.8000000e-001 -3.1825763e-001
  2.9000000e-001 -2.4973735e-001
  3.0000000e-001 -3.7088417e-001
  3.1000000e-001 -3.9027166e-001
  3.2000000e-001 -4.4745518e-001
  3.3000000e-001 -2.5402215e-001
  3.4000000e-001 -1.1677658e-001
  3.5000000e-001  5.1269717e-002
  3.6000000e-001  1.4149707e-001
  3.7000000e-001  3.6666608e-002
  3.8000000e-001  1.0813328e-002
  3.9000000e-001 -4.2811800e-001
  4.0000000e-001 -1.9523648e-001
  4.1000000e-001  3.1745305e-002
  4.2000000e-001 -7.9372212e-002
  4.3000000e-001  5.3360034e-002
  4.4000000e-001 -3.5397622e-001
  4.5000000e-001 -2.5256880e-001
  4.6000000e-001 -5.2669051e-001
  4.7000000e-001 -1.5065198e-001
  4.8000000e-001 -7.2091934e-002
  4.9000000e-001 -9.8221746e-002
  5.0000000e-001 -3.4232852e-001
  5.1000000e-001 -4.6959338e-001
  5.2000000e-001 -1.4371305e-001
  5.3000000e-001 -3.4518404e-001
  5.4000000e-001  5.3963576e-002
  5.5000000e-001 -2.4353521e-001
  5.6000000e-001 -3.8009232e-001
  5.7000000e-001 -2.6816651e-001
  5.8000000e-001  3.9483587e-002
  5.9000000e-001 -5.5180941e-001
  6.0000000e-001 -8.1320317e-002
  6.1000000e-001 -2.6330501e-001
  6.2000000e-001  1.3693516e-002
  6.3000000e-001 -4.3432699e-001
  6.4000000e-001 -3.0948072e-001
  6.5000000e-001 -3.2796146e-001
  6.6000000e-001 -2.9179384e-001
  6.7000000e-001 -1.0482251e-001
  6.8000000e-001 -4.4495777e-001
  6.9000000e-001 -4.6683069e-001
  7.0000000e-001 -2.4666759e-001
  7.1000000e-001 -2.7375031e-001
  7.2000000e-001 -1.7306192e-001
  7.3000000e-001 -3.2608694e-001
  7.4000000e-001 -2.5260253e-001
  7.5000000e-001 -5.5055303e-002
  7.6000000e-001 -3.6990476e-001
  7.7000000e-001 -3.3642611e-002
  7.8000000e-001 -1.6220977e-002
  7.9000000e-001 -1.8151674e-001
  8.0000000e-001  7.2438821e-002
  8.1000000e-001  1.6802050e-002
  8.2000000e-001 -3.8649650e-001
  8.3000000e-001 -3.0378823e-001
  8.4000000e-001 -3.8186633e-001
  8.5000000e-001 -2.8602369e-001
  8.6000000e-001 -2.9451737e-001
  8.7000000e-001  3.0396068e-002
  8.8000000e-001  2.4519032e-001
  8.9000000e-001 -1.4527173e-001
  9.0000000e-001 -4.2053560e-002
  9.1000000e-001 -2.3829617e-001
  9.2000000e-001 -2.4136812e-001
  9.3000000e-001 -2.3011225e-001
  9.4000000e-001 -1.0521622e-001
  9.5000000e-001 -3.7540890e-001
  9.6000000e-001  9.7614869e-002
  9.7000000e-001  3.1538758e-001
  9.8000000e-001 -2.9536341e-001
  9.9000000e-001  8.7760925e-002
  1.0000000e+000  9.7461713e-002
  1.0100000e+000  1.3011344e-001
  1.0200000e+000 -5.7623940e-003
  1.0300000e+000 -3.9229215e-001
  1.0400000e+000  2.3929731e-002
  1.0500000e+000 -2.6742761e-001
  1.0600000e+000 -7.9691612e-002
  1.0700000e+000 -2.7500489e-002
  1.0800000e+000 -2.9915601e-001
  1.0900000e+000 -4.0043030e-001
  1.1000000e+000  1.7673254e-001
  1.1100000e+000  1.1388941e-001
  1.1200000e+000  1.2399959e-001
  1.1300000e+000 -6.7275097e-002
  1.1400000e+000 -1.9925940e-001
  1.1500000e+000 -3.3097122e-001
  1.1600000e+000 -2.9666865e-001
  1.1700000e+000 -5.2207284e-001
  1.1800000e+000  1.2415763e-001
  1.1900000e+000  1.7144543e-001
  1.2000000e+000  5.4837223e-002
  1.2100000e+000 -2.2540183e-001
  1.2200000e+000  1.8122775e-001
  1.2300000e+000  9.6257919e-002
  1.2400000e+000  1.0216925e-001
  1.2500000e+000 -1.3967425e-001
  1.2600000e+000 -8.2978848e-002
  1.2700000e+000 -4.8321378e-001
  1.2800000e+000 -4.1499781e-002
  1.2900000e+000  7.8480274e-002
  1.3000000e+000 -2.0658105e-001
  1.3100000e+000 -1.4882761e-001
  1.3200000e+000 -3.2373473e-001
  1.3300000e+000  2.4093651e-001
  1.3400000e+000 -3.5754793e-001
  1.3500000e+000 -8.4812025e-002
  1.3600000e+000  2.6286995e-001
  1.3700000e+000 -4.8490738e-002
  1.3800000e+000  3.3106507e-001
  1.3900000e+000 -1.7575231e-001
  1.4000000e+000 -5.2145682e-001
  1.4100000e+000  5.0526119e-002
  1.4200000e+000  1.7375201e-001
  1.4300000e+000  3.0172790e-001
  1.4400000e+000 -2.9103321e-001
  1.4500000e+000  3.2338442e-003
  1.4600000e+000  4.7173101e-002
  1.4700000e+000  2.3187586e-001
  1.4800000e+000  6.9890255e-002
  1.4900000e+000  2.4017465e-001
  1.5000000e+000  1.3367152e-003
  1.5100000e+000  1.2109714e-001
  1.5200000e+000 -1.5189097e-001
  1.5300000e+000  5.8732020e-001
  1.5400000e+000  3.0454491e-001
  1.5500000e+000  7.6232248e-002
  1.5600000e+000  6.3414425e-002
  1.5700000e+000 -1.1493780e-001
  1.5800000e+000  5.8358731e-002
  1.5900000e+000  8.3654776e-002
  1.6000000e+000  2.5122747e-001
  1.6100000e+000 -4.8406384e-001
  1.6200000e+000  6.5148777e-002
  1.6300000e+000  3.3154310e-001
  1.6400000e+000  1.6458622e-001
  1.6500000e+000 -4.5382725e-002
  1.6600000e+000 -1.5769692e-002
  1.6700000e+000  4.7543547e-001
  1.6800000e+000  2.8960958e-001
  1.6900000e+000  4.6517459e-002
  1.7000000e+000  2.9674365e-001
  1.7100000e+000  3.4981631e-001
  1.7200000e+000  1.5775865e-001
  1.7300000e+000 -2.8786765e-002
  1.7400000e+000  1.0246997e-001
  1.7500000e+000  2.6278969e-001
  1.7600000e+000  3.1116432e-001
  1.7700000e+000  5.4577461e-001
  1.7800000e+000  1.2917450e-001
  1.7900000e+000 -1.7516662e-001
  1.8000000e+000 -4.8938506e-002
  1.8100000e+000  2.7283628e-001
  1.8200000e+000  4.4339680e-002
  1.8300000e+000 -2.6566341e-001
  1.8400000e+000  2.7405644e-001
  1.8500000e+000  9.7242840e-002
  1.8600000e+000  4.1010973e-002
  1.8700000e+000 -3.4962914e-002
  1.8800000e+000  8.5745027e-002
  1.8900000e+000  5.1133459e-001
  1.9000000e+000 -1.1093109e-001
  1.9100000e+000  4.7708644e-001
  1.9200000e+000  4.1736345e-001
  1.9300000e+000  3.9951251e-001
  1.9400000e+000 -1.3885198e-001
  1.9500000e+000  6.8561998e-001
  1.9600000e+000  7.2161558e-001
  1.9700000e+000  1.0973291e-001
  1.9800000e+000  1.6819772e-001
  1.9900000e+000  4.2693836e-001
  2.0000000e+000  4.7814366e-001
  2.0100000e+000  1.0749624e-001
  2.0200000e+000  3.0153208e-001
  2.0300000e+000  2.5989932e-001
  2.0400000e+000  1.4008893e-001
  2.0500000e+000  2.8316423e-002
  2.0600000e+000  1.9609428e-001
  2.0700000e+000  2.8021694e-002
  2.0800000e+000  3.6110129e-001
  2.0900000e+000  4.5292287e-001
  2.1000000e+000  2.1872941e-001
  2.1100000e+000  2.1869220e-001
  2.1200000e+000  5.3101001e-001
  2.1300000e+000  8.2192394e-001
  2.1400000e+000  1.5331398e-001
  2.1500000e+000  2.6646000e-001
  2.1600000e+000  5.3080410e-001
  2.1700000e+000  3.7128939e-001
  2.1800000e+000  4.5418287e-001
  2.1900000e+000  5.2208066e-001
  2.2000000e+000  3.5087535e-001
  2.2100000e+000  4.7785740e-001
  2.2200000e+000  6.2541897e-001
  2.2300000e+000  1.5808106e-001
  2.2400000e+000  4.3694760e-001
  2.2500000e+000  6.6415058e-001
  2.2600000e+000  4.1793346e-001
  2.2700000e+000  4.1423882e-001
  2.2800000e+000  6.3331586e-001
  2.2900000e+000  6.4568065e-001
  2.3000000e+000  5.1167545e-001
  2.3100000e+000  6.8621029e-001
  2.3200000e+000  5.0220461e-001
  2.3300000e+000  2.1419935e-001
  2.3400000e+000  4.5760619e-001
  2.3500000e+000  9.9488642e-001
  2.3600000e+000  5.8165105e-001
  2.3700000e+000  5.2447735e-001
  2.3800000e+000  5.2711530e-001
  2.3900000e+000  7.0593486e-001
  2.4000000e+000  5.5814893e-001
  2.4100000e+000  6.7365736e-001
  2.4200000e+000  6.1211659e-001
  2.4300000e+000  6.8000826e-001
  2.4400000e+000  2.4884332e-001
  2.4500000e+000  5.3773930e-001
  2.4600000e+000  8.6904566e-001
  2.4700000e+000  3.8126922e-001
  2.4800000e+000  4.8713031e-001
  2.4900000e+000  7.8080394e-001
  2.5000000e+000  2.7160049e-001
  2.5100000e+000  7.1427290e-001
  2.5200000e+000  3.4647104e-001
  2.5300000e+000  6.2384115e-001
  2.5400000e+000  6.9307182e-001
  2.5500000e+000  1.7851847e-001
  2.5600000e+000  6.6727240e-001
  2.5700000e+000  6.3600600e-001
  2.5800000e+000  4.7786918e-001
  2.5900000e+000  2.6292170e-001
  2.6000000e+000  5.6535265e-001
  2.6100000e+000  5.4870335e-001
  2.6200000e+000  4.5025467e-001
  2.6300000e+000  5.6864063e-001
  2.6400000e+000  3.6614852e-001
  2.6500000e+000  3.7022522e-001
  2.6600000e+000  6.5444921e-001
  2.6700000e+000  2.9808496e-001
  2.6800000e+000  3.6504162e-001
  2.6900000e+000  6.4445391e-001
  2.7000000e+000  7.6117109e-001
  2.7100000e+000  6.6287564e-001
  2.7200000e+000  6.2588649e-001
  2.7300000e+000  4.6062085e-001
  2.7400000e+000  8.6943260e-001
  2.7500000e+000  6.5280056e-001
  2.7600000e+000  6.9402647e-001
  2.7700000e+000  8.1994201e-001
  2.7800000e+000  7.3933362e-001
  2.7900000e+000  7.2733568e-001
  2.8000000e+000  7.3280586e-001
  2.8100000e+000  6.7728959e-001
  2.8200000e+000  7.6030702e-001
  2.8300000e+000  4.8903711e-001
  2.8400000e+000  9.0589499e-001
  2.8500000e+000  7.4278017e-001
  2.8600000e+000  6.5845674e-001
  2.8700000e+000  1.0122205e+000
  2.8800000e+000  6.0114737e-001
  2.8900000e+000  1.1729381e+000
  2.9000000e+000  3.1556004e-001
  2.9100000e+000  1.3101714e+000
  2.9200000e+000  9.6443822e-001
  2.9300000e+000  3.9318380e-001
  2.9400000e+000  9.5929916e-001
  2.9500000e+000  4.4756479e-001
  2.9600000e+000  4.8528644e-001
  2.9700000e+000  8.5159902e-001
  2.9800000e+000  6.1521895e-001
  2.9900000e+000  6.3078323e-001
  3.0000000e+000  1.0296778e+000
  3.0100000e+000  3.2814768e-001
  3.0200000e+000  7.6655911e-001
  3.0300000e+000  6.1335601e-001
  3.0400000e+000  7.8467468e-001
  3.0500000e+000  1.0456405e+000
  3.0600000e+000  7.3591276e-001
  3.0700000e+000  7.7154934e-001
  3.0800000e+000  7.7142656e-001
  3.0900000e+000  7.6114011e-001
  3.1000000e+000  9.1250098e-001
  3.1100000e+000  8.6516015e-001
  3.1200000e+000  7.6595002e-001
  3.1300000e+000  1.0153629e+000
  3.1400000e+000  6.3177177e-001
  3.1500000e+000  8.6010941e-001
  3.1600000e+000  7.0316489e-001
  3.1700000e+000  7.1043374e-001
  3.1800000e+000  5.5753082e-001
  3.1900000e+000  1.0175710e+000
  3.2000000e+000  1.0830673e+000
  3.2100000e+000  6.8559810e-001
  3.2200000e+000  8.9708972e-001
  3.2300000e+000  1.1093168e+000
  3.2400000e+000  6.4714602e-001
  3.2500000e+000  4.2015302e-001
  3.2600000e+000  7.1366521e-001
  3.2700000e+000  6.5197206e-001
  3.2800000e+000  1.1052240e+000
  3.2900000e+000  7.9253033e-001
  3.3000000e+000  3.9602119e-001
  3.3100000e+000  8.7065938e-001
  3.3200000e+000  3.9532683e-001
  3.3300000e+000  8.5027531e-001
  3.3400000e+000  8.9729907e-001
  3.3500000e+000  8.9204399e-001
  3.3600000e+000  7.7725636e-001
  3.3700000e+000  5.8095438e-001
  3.3800000e+000  8.4505753e-001
  3.3900000e+000  5.7542291e-001
  3.4000000e+000  6.8756069e-001
  3.4100000e+000  8.6713043e-001
  3.4200000e+000  7.6516727e-001
  3.4300000e+000  9.2008771e-001
  3.4400000e+000  8.1997322e-001
  3.4500000e+000  1.0682511e+000
  3.4600000e+000  1.2650233e+000
  3.4700000e+000  1.1831901e+000
  3.4800000e+000  6.6502935e-001
  3.4900000e+000  1.2957711e+000
  3.5000000e+000  4.5234112e-001
  3.5100000e+000  9.5134395e-001
  3.5200000e+000  1.1013473e+000
  3.5300000e+000  1.1156151e+000
  3.5400000e+000  1.0481352e+000
  3.5500000e+000  3.4119388e-001
  3.5600000e+000  1.2535323e+000
  3.5700000e+000  9.8080453e-001
  3.5800000e+000  6.7711172e-001
  3.5900000e+000  6.6161827e-001
  3.6000000e+000  1.0662480e+000
  3.6100000e+000  1.2926330e+000
  3.6200000e+000  1.1080916e+000
  3.6300000e+000  1.3620780e+000
  3.6400000e+000  8.1103984e-001
  3.6500000e+000  8.9304588e-001
  3.6600000e+000  7.0595524e-001
  3.6700000e+000  1.0552714e+000
  3.6800000e+000  5.4876572e-001
  3.6900000e+000  9.1088646e-001
  3.7000000e+000  8.1306941e-001
  3.7100000e+000  9.2907631e-001
  3.7200000e+000  9.7293906e-001
  3.7300000e+000  8.5712565e-001
  3.7400000e+000  9.4644291e-001
  3.7500000e+000  6.8469142e-001
  3.7600000e+000  9.9140140e-001
  3.7700000e+000  1.0408986e+000
  3.7800000e+000  1.0543848e+000
  3.7900000e+000  1.1720256e+000
  3.8000000e+000  1.0484014e+000
  3.8100000e+000  1.3045947e+000
  3.8200000e+000  8.3425723e-001
  3.8300000e+000  8.9101385e-001
  3.8400000e+000  1.3862405e+000
  3.8500000e+000  7.1210399e-001
  3.8600000e+000  1.3355428e+000
  3.8700000e+000  6.0579236e-001
  3.8800000e+000  9.2018631e-001
  3.8900000e+000  1.3524089e+000
  3.9000000e+000  1.0148018e+000
  3.9100000e+000  8.1676487e-001
  3.9200000e+000  1.1805466e+000
  3.9300000e+000  8.6642834e-001
  3.9400000e+000  7.9200733e-001
  3.9500000e+000  1.1517168e+000
  3.9600000e+000  8.1003877e-001
  3.9700000e+000  5.0994103e-001
  3.9800000e+000  1.1513966e+000
  3.9900000e+000  1.0168183e+000
  4.0000000e+000  7.4474818e-001
  4.0100000e+000  8.9187532e-001
  4.0200000e+000  1.0161400e+000
  4.0300000e+000  9.1382931e-001
  4.0400000e+000  7.0253697e-001
  4.0500000e+000  1.0463921e+000
  4.0600000e+000  7.4275259e-001
  4.0700000e+000  9.2655807e-001
  4.0800000e+000  6.4121884e-001
  4.0900000e+000  1.0259473e+000
  4.1000000e+000  1.1837868e+000
  4.1100000e+000  8.2610439e-001
  4.1200000e+000  7.1281024e-001
  4.1300000e+000  9.8908357e-001
  4.1400000e+000  1.9297639e-001
  4.1500000e+000  1.2131515e+000
  4.1600000e+000  8.4702630e-001
  4.1700000e+000  1.1435821e+000
  4.1800000e+000  1.0311706e+000
  4.1900000e+000  9.4497827e-001
  4.2000000e+000  8.8634773e-001
  4.2100000e+000  1.1427353e+000
  4.2200000e+000  5.8705281e-001
  4.2300000e+000  7.8812191e-001
  4.2400000e+000  5.4481430e-001
  4.2500000e+000  1.0714092e+000
  4.2600000e+000  7.3431083e-001
  4.2700000e+000  1.0022855e+000
  4.2800000e+000  9.3712253e-001
  4.2900000e+000  9.4081413e-001
  4.3000000e+000  8.2693504e-001
  4.3100000e+000  6.1935204e-001
  4.3200000e+000  8.5637649e-001
  4.3300000e+000  9.9076735e-001
  4.3400000e+000  8.7775321e-001
  4.3500000e+000  4.4778412e-001
  4.3600000e+000  8.4557524e-001
  4.3700000e+000  6.8647078e-001
  4.3800000e+000  8.6911507e-001
  4.3900000e+000  7.4597690e-001
  4.4000000e+000  1.1950056e+000
  4.4100000e+000  1.0698510e+000
  4.4200000e+000  9.2201517e-001
  4.4300000e+000  8.3270513e-001
  4.4400000e+000  6.8133621e-001
  4.4500000e+000  9.2959756e-001
  4.4600000e+000  7.6683133e-001
  4.4700000e+000  6.5269884e-001
  4.4800000e+000  8.4530790e-001
  4.4900000e+000  1.0592182e+000
  4.5000000e+000  6.5324026e-001
  4.5100000e+000  8.4882871e-001
  4.5200000e+000  5.2240653e-001
  4.5300000e+000  9.0603449e-001
  4.5400000e+000  1.1466086e+000
  4.5500000e+000  1.0343178e+000
  4.5600000e+000  6.9055723e-001
  4.5700000e+000  1.0891194e+000
  4.5800000e+000  1.0648022e+000
  4.5900000e+000  7.4989484e-001
  4.6000000e+000  8.1620003e-001
  4.6100000e+000  7.8510675e-001
  4.6200000e+000  1.0463569e+000
  4.6300000e+000  8.0361175e-001
  4.6400000e+000  5.7767642e-001
  4.6500000e+000  9.4214949e-001
  4.6600000e+000  1.0565922e+000
  4.6700000e+000  1.3335136e+000
  4.6800000e+000  9.9435454e-001
  4.6900000e+000  6.2231130e-001
  4.7000000e+000  6.1942817e-001
  4.7100000e+000  8.0983978e-001
  4.7200000e+000  8.8803445e-001
  4.7300000e+000  6.9855360e-001
  4.7400000e+000  1.0012616e+000
  4.7500000e+000  9.5020589e-001
  4.7600000e+000  5.4852510e-001
  4.7700000e+000  8.4481067e-001
  4.7800000e+000  6.2881763e-001
  4.7900000e+000  7.3080660e-001
  4.8000000e+000  1.0033317e+000
  4.8100000e+000  7.5730771e-001
  4.8200000e+000  7.0553571e-001
  4.8300000e+000  8.1141631e-001
  4.8400000e+000  9.2017143e-001
  4.8500000e+000  7.0918306e-001
  4.8600000e+000  9.7905529e-001
  4.8700000e+000  9.5379345e-001
  4.8800000e+000  1.0557933e+000
  4.8900000e+000  9.9397800e-001
  4.9000000e+000  1.0064520e+000
  4.9100000e+000  5.0164508e-001
  4.9200000e+000  9.0515591e-001
  4.9300000e+000  7.9511755e-001
  4.9400000e+000  9.1533637e-001
  4.9500000e+000  8.6180471e-001
  4.9600000e+000  4.5417340e-001
  4.9700000e+000  6.0998614e-001
  4.9800000e+000  7.2083959e-001
  4.9900000e+000  6.5221818e-001
  5.0000000e+000  9.9351772e-001
  5.0100000e+000  6.9702544e-001
  5.0200000e+000  1.1354102e+000
  5.0300000e+000  7.4847013e-001
  5.0400000e+000  7.6050399e-001
  5.0500000e+000  1.0040738e+000
  5.0600000e+000  1.2357455e+000
  5.0700000e+000  9.0820297e-001
  5.0800000e+000  1.0318277e+000
  5.0900000e+000  7.3940987e-001
  5.1000000e+000  6.4880484e-001
  5.1100000e+000  1.0288734e+000
  5.1200000e+000  1.0241124e+000
  5.1300000e+000  7.0377050e-001
  5.1400000e+000  6.8424386e-001
  5.1500000e+000  4.2550014e-001
  5.1600000e+000  6.3603081e-001
  5.1700000e+000  8.6637878e-001
  5.1800000e+000  7.6164490e-001
  5.1900000e+000  1.0944903e+000
  5.2000000e+000  7.3112081e-001
  5.2100000e+000  9.6245975e-001
  5.2200000e+000  5.7030089e-001
  5.2300000e+000  1.0047042e+000
  5.2400000e+000  1.0471117e+000
  5.2500000e+000  1.0142277e+000
  5.2600000e+000  9.9030473e-001
  5.2700000e+000  6.9575518e-001
  5.2800000e+000  9.6184629e-001
  5.2900000e+000  6.7088002e-001
  5.3000000e+000  1.0831850e+000
  5.3100000e+000  9.7374216e-001
  5.3200000e+000  6.1622358e-001
  5.3300000e+000  7.4676924e-001
  5.3400000e+000  7.4194785e-001
  5.3500000e+000  8.6070335e-001
  5.3600000e+000  7.3690457e-001
  5.3700000e+000  7.3404275e-001
  5.3800000e+000  4.4320535e-001
  5.3900000e+000  1.0299622e+000
  5.4000000e+000  8.5370190e-001
  5.4100000e+000  8.0670646e-001
  5.4200000e+000  5.6864601e-001
  5.4300000e+000  8.7003941e-001
  5.4400000e+000  5.5377043e-001
  5.4500000e+000  1.0605046e+000
  5.4600000e+000  7.5643708e-001
  5.4700000e+000  7.2664282e-001
  5.4800000e+000  8.0564021e-001
  5.4900000e+000  7.0024203e-001
  5.5000000e+000  4.6027788e-001
  5.5100000e+000  6.4406769e-001
  5.5200000e+000  1.0957047e+000
  5.5300000e+000  6.8548394e-001
  5.5400000e+000  9.5992820e-001
  5.5500000e+000  8.3212734e-001
  5.5600000e+000  9.9054602e-001
  5.5700000e+000  8.5192195e-001
  5.5800000e+000  6.4756481e-001
  5.5900000e+000  7.4039556e-001
  5.6000000e+000  9.7558089e-001
  5.6100000e+000  9.7388325e-001
  5.6200000e+000  9.9876935e-001
  5.6300000e+000  9.1324951e-001
  5.6400000e+000  7.7462249e-001
  5.6500000e+000  1.0087927e+000
  5.6600000e+000  9.6512840e-001
  5.6700000e+000  9.3244263e-001
  5.6800000e+000  6.3996861e-001
  5.6900000e+000  6.4147946e-001
  5.7000000e+000  9.1268898e-001
  5.7100000e+000  7.7873294e-001
  5.7200000e+000  1.2584311e+000
  5.7300000e+000  6.7103179e-001
  5.7400000e+000  9.7108704e-001
  5.7500000e+000  7.4244093e-001
  5.7600000e+000  1.0167862e+000
  5.7700000e+000  1.0630998e+000
  5.7800000e+000  5.0062330e-001
  5.7900000e+000  9.8072608e-001
  5.8000000e+000  8.8823577e-001
  5.8100000e+000  8.2913601e-001
  5.8200000e+000  9.9890962e-001
  5.8300000e+000  5.4618803e-001
  5.8400000e+000  8.0930208e-001
  5.8500000e+000  8.7654022e-001
  5.8600000e+000  9.5097216e-001
  5.8700000e+000  5.9448772e-001
  5.8800000e+000  7.4163397e-001
  5.8900000e+000  9.6060416e-001
  5.9000000e+000  7.4545131e-001
  5.9100000e+000  9.1343037e-001
  5.9200000e+000  8.4077804e-001
  5.9300000e+000  6.7779699e-001
  5.9400000e+000  9.4306205e-001
  5.9500000e+000  6.0925393e-001
  5.9600000e+000  6.2474861e-001
  5.9700000e+000  8.3304856e-001
  5.9800000e+000  1.0233422e+000
  5.9900000e+000  4.2656280e-001
  6.0000000e+000  7.7856974e-001
  6.0100000e+000  4.8046416e-001
  6.0200000e+000  7.1886147e-001
  6.0300000e+000  7.0041383e-001
  6.0400000e+000  9.5531341e-001
  6.0500000e+000  6.3520576e-001
  6.0600000e+000  8.0172739e-001
  6.0700000e+000  8.3051074e-001
  6.0800000e+000  8.7977951e-001
  6.0900000e+000  5.5397037e-001
  6.1000000e+000  7.2897623e-001
  6.1100000e+000  7.6135866e-001
  6.1200000e+000  6.9695802e-001
  6.1300000e+000  7.6723460e-001
  6.1400000e+000  8.6471383e-001
  6.1500000e+000  1.1147920e+000
  6.1600000e+000  5.8389746e-001
  6.1700000e+000  8.1184335e-001
  6.1800000e+000  9.1857453e-001
  6.1900000e+000  8.2612133e-001
  6.2000000e+000  8.3675329e-001
  6.2100000e+000  6.7766546e-001
  6.2200000e+000  5.2232117e-001
  6.2300000e+000  8.4867774e-001
  6.2400000e+000  1.0694189e+000
  6.2500000e+000  1.0318433e+000
  6.2600000e+000  1.0856236e+000
  6.2700000e+000  9.5693421e-001
  6.2800000e+000  6.7236816e-001
  6.2900000e+000  1.1426710e+000
  6.3000000e+000  7.2510000e-001
  6.3100000e+000  8.5099329e-001
  6.3200000e+000  7.7983184e-001
  6.3300000e+000  7.2284558e-001
  6.3400000e+000  5.8974259e-001
  6.3500000e+000  8.0776191e-001
  6.3600000e+000  9.8332728e-001
  6.3700000e+000  8.8086036e-001
  6.3800000e+000  8.6349242e-001
  6.3900000e+000  1.2096578e+000
  6.4000000e+000  7.0796251e-001
  6.4100000e+000  1.0129051e+000
  6.4200000e+000  9.2348784e-001
  6.4300000e+000  8.6531385e-001
  6.4400000e+000  8.2655867e-001
  6.4500000e+000  7.8282745e-001
  6.4600000e+000  7.2222769e-001
  6.4700000e+000  6.3207633e-001
  6.4800000e+000  7.6016322e-001
  6.4900000e+000  6.1871830e-001
  6.5000000e+000  5.1725053e-001
  6.5100000e+000  4.2210375e-001
  6.5200000e+000  6.4420476e-001
  6.5300000e+000  6.0890816e-001
  6.5400000e+000  6.8669055e-001
  6.5500000e+000  1.0204721e+000
  6.5600000e+000  7.9161020e-001
  6.5700000e+000  6.5226208e-001
  6.5800000e+000  8.6563675e-001
  6.5900000e+000  9.8020091e-001
  6.6000000e+000  9.2861234e-001
  6.6100000e+000  4.8323573e-001
  6.6200000e+000  6.2877144e-001
  6.6300000e+000  6.1314510e-001
  6.6400000e+000  7.6461101e-001
  6.6500000e+000  7.6207601e-001
  6.6600000e+000  5.3550124e-001
  6.6700000e+000  6.7377823e-001
  6.6800000e+000  8.1730019e-001
  6.6900000e+000  1.0806504e+000
  6.7000000e+000  7.4944473e-001
  6.7100000e+000  6.7159790e-001
  6.7200000e+000  8.3850272e-001
  6.7300000e+000  5.4040886e-001
  6.7400000e+000  9.2561403e-001
  6.7500000e+000  6.5590629e-001
  6.7600000e+000  5.7892141e-001
  6.7700000e+000  8.7176974e-001
  6.7800000e+000  8.3392204e-001
  6.7900000e+000  1.0486223e+000
  6.8000000e+000  4.4519796e-001
  6.8100000e+000  5.9093128e-001
  6.8200000e+000  5.6432336e-001
  6.8300000e+000  7.2229751e-001
  6.8400000e+000  1.0181705e+000
  6.8500000e+000  5.2502232e-001
  6.8600000e+000  1.0543091e+000
  6.8700000e+000  1.1002461e+000
  6.8800000e+000  6.5792528e-001
  6.8900000e+000  5.8903167e-001
  6.9000000e+000  1.0656799e+000
  6.9100000e+000  9.1980310e-001
  6.9200000e+000  6.3954454e-001
  6.9300000e+000  6.8340078e-001
  6.9400000e+000  7.7722908e-001
  6.9500000e+000  2.7964211e-001
  6.9600000e+000  5.1630814e-001
  6.9700000e+000  7.2730571e-001
  6.9800000e+000  4.5449438e-001
  6.9900000e+000  6.6395354e-001
  7.0000000e+000  5.6164558e-001
  7.0100000e+000  6.7619671e-001
  7.0200000e+000  8.9506775e-001
  7.0300000e+000  7.5697985e-001
  7.0400000e+000  1.0970343e+000
  7.0500000e+000  8.4203358e-001
  7.0600000e+000  5.8973804e-001
  7.0700000e+000  8.6310789e-001
  7.0800000e+000  8.9149954e-001
  7.0900000e+000  3.9413895e-001
  7.1000000e+000  8.0007441e-001
  7.1100000e+000  4.8759723e-001
  7.1200000e+000  7.4154118e-001
  7.1300000e+000  5.5357335e-001
  7.1400000e+000  6.1288504e-001
  7.1500000e+000  6.4714994e-001
  7.1600000e+000  6.6583081e-001
  7.1700000e+000  9.8990516e-001
  7.1800000e+000  6.5681029e-001
  7.1900000e+000  5.5802133e-001
  7.2000000e+000  8.8298451e-001
  7.2100000e+000  3.3865961e-001
  7.2200000e+000  6.5884482e-001
  7.2300000e+000  7.5500843e-001
  7.2400000e+000  4.1462593e-001
  7.2500000e+000  4.1543802e-001
  7.2600000e+000  3.3632147e-001
  7.2700000e+000  9.0467479e-001
  7.2800000e+000  9.7573720e-001
  7.2900000e+000  6.5903727e-001
  7.3000000e+000  8.3457257e-001
  7.3100000e+000  9.4514486e-001
  7.3200000e+000  6.5968479e-001
  7.3300000e+000  7.0646041e-001
  7.3400000e+000  7.0425602e-001
  7.3500000e+000  9.8089137e-001
  7.3600000e+000  5.4060602e-001
  7.3700000e+000  6.5475038e-001
  7.3800000e+000  5.3730795e-001
  7.3900000e+000  7.6367888e-001
  7.4000000e+000  7.5285602e-001
  7.4100000e+000  7.8261232e-001
  7.4200000e+000  9.4206577e-001
  7.4300000e+000  8.1058798e-001
  7.4400000e+000  8.2502007e-001
  7.4500000e+000  4.5107488e-001
  7.4600000e+000  7.3948990e-001
  7.4700000e+000  7.8800488e-001
  7.4800000e+000  9.7963583e-001
  7.4900000e+000  9.2363313e-001
  7.5000000e+000  4.6908873e-001
  7.5100000e+000  9.4459831e-001
  7.5200000e+000  9.3143293e-001
  7.5300000e+000  5.4566425e-001
  7.5400000e+000  8.9458277e-001
  7.5500000e+000  4.8454572e-001
  7.5600000e+000  6.8702011e-001
  7.5700000e+000  6.4972952e-001
  7.5800000e+000  7.0713529e-001
  7.5900000e+000  9.7873403e-001
  7.6000000e+000  7.1691204e-001
  7.6100000e+000  1.3438709e-001
  7.6200000e+000  6.3546094e-001
  7.6300000e+000  9.0306755e-001
  7.6400000e+000  6.1981326e-001
  7.6500000e+000  6.4908318e-001
  7.6600000e+000  7.3278633e-001
  7.6700000e+000  6.0530493e-001
  7.6800000e+000  9.1069080e-001
  7.6900000e+000  1.0601113e+000
  7.7000000e+000  5.9669314e-001
  7.7100000e+000  1.0099211e+000
  7.7200000e+000  7.3801798e-001
  7.7300000e+000  9.7093587e-001
  7.7400000e+000  3.2982423e-001
  7.7500000e+000  3.2056592e-001
  7.7600000e+000  3.7487672e-001
  7.7700000e+000  7.7701325e-001
  7.7800000e+000  9.0313194e-001
  7.7900000e+000  9.1534387e-001
  7.8000000e+000  9.5565823e-001
  7.8100000e+000  6.1234667e-001
  7.8200000e+000  9.5976323e-001
  7.8300000e+000  5.4046130e-001
  7.8400000e+000  6.7251516e-001
  7.8500000e+000  6.1510433e-001
  7.8600000e+000  7.6250437e-001
  7.8700000e+000  6.6071974e-001
  7.8800000e+000  8.0818821e-001
  7.8900000e+000  7.7399727e-001
  7.9000000e+000  8.0605721e-001
  7.9100000e+000  6.2352897e-001
  7.9200000e+000  5.5266289e-001
  7.9300000e+000  6.0395484e-001
  7.9400000e+000  7.0975937e-001
  7.9500000e+000  6.5078494e-001
  7.9600000e+000  7.0451572e-001
  7.9700000e+000  9.0506066e-001
  7.9800000e+000  9.1692070e-001
  7.9900000e+000  8.9954897e-001
  8.0000000e+000  8.3888300e-001
  8.0100000e+000  6.2836425e-001
  8.0200000e+000  5.5370982e-001
  8.0300000e+000  5.4890818e-001
  8.0400000e+000  6.1558364e-001
  8.0500000e+000  5.9663160e-001
  8.0600000e+000  7.2426765e-001
  8.0700000e+000  7.4929435e-001
  8.0800000e+000  8.1575817e-001
  8.0900000e+000  8.8243767e-001
  8.1000000e+000  5.1335484e-001
  8.1100000e+000  6.9445620e-001
  8.1200000e+000  7.7919373e-001
  8.1300000e+000  7.7596434e-001
  8.1400000e+000  9.3449457e-001
  8.1500000e+000  5.8162025e-001
  8.1600000e+000  1.1092848e+000
  8.1700000e+000  6.6312761e-001
  8.1800000e+000  8.8185997e-001
  8.1900000e+000  9.2238893e-001
  8.2000000e+000  3.8448014e-001
  8.2100000e+000  8.2217535e-001
  8.2200000e+000  7.2356604e-001
  8.2300000e+000  6.5089581e-001
  8.2400000e+000  7.8826262e-001
  8.2500000e+000  6.6689821e-001
  8.2600000e+000  7.6357365e-001
  8.2700000e+000  6.5161368e-001
  8.2800000e+000  9.7615183e-001
  8.2900000e+000  5.7871696e-001
  8.3000000e+000  8.7569403e-001
  8.3100000e+000  7.8194245e-001
  8.3200000e+000  7.5721267e-001
  8.3300000e+000  1.0167074e+000
  8.3400000e+000  8.6842595e-001
  8.3500000e+000  7.5001050e-001
  8.3600000e+000  4.3094950e-001
  8.3700000e+000  7.4522231e-001
  8.3800000e+000  7.4045038e-001
  8.3900000e+000  4.5821771e-001
  8.4000000e+000  3.0400964e-001
  8.4100000e+000  9.3812706e-001
  8.4200000e+000  5.3198298e-001
  8.4300000e+000  6.8673552e-001
  8.4400000e+000  5.5846729e-001
  8.4500000e+000  7.4946548e-001
  8.4600000e+000  6.7997503e-001
  8.4700000e+000  7.8586513e-001
  8.4800000e+000  5.7186402e-001
  8.4900000e+000  7.5066404e-001
  8.5000000e+000  4.9072077e-001
  8.5100000e+000  8.3957825e-001
  8.5200000e+000  8.3284241e-001
  8.5300000e+000  1.1425181e+000
  8.5400000e+000  2.3237121e-001
  8.5500000e+000  5.7185439e-001
  8.5600000e+000  1.0390293e+000
  8.5700000e+000  6.9339618e-001
  8.5800000e+000  9.8335861e-001
  8.5900000e+000  1.3459417e+000
  8.6000000e+000  4.7520338e-001
  8.6100000e+000  6.4209020e-001
  8.6200000e+000  6.3481309e-001
  8.6300000e+000  8.0010094e-001
  8.6400000e+000  7.4400867e-001
  8.6500000e+000  9.0577244e-001
  8.6600000e+000  5.7256417e-001
  8.6700000e+000  4.6686765e-001
  8.6800000e+000  6.5361057e-001
  8.6900000e+000  5.7589931e-001
  8.7000000e+000  9.3689729e-001
  8.7100000e+000  6.3749445e-001
  8.7200000e+000  9.6043074e-001
  8.7300000e+000  7.3186569e-001
  8.7400000e+000  4.7080189e-001
  8.7500000e+000  1.5597435e-001
  8.7600000e+000  7.6264102e-001
  8.7700000e+000  8.1809260e-001
  8.7800000e+000  7.2371809e-001
  8.7900000e+000  8.6014484e-001
  8.8000000e+000  8.4039848e-001
  8.8100000e+000  6.1048448e-001
  8.8200000e+000  8.5637003e-001
  8.8300000e+000  3.1824211e-001
  8.8400000e+000  7.5039190e-001
  8.8500000e+000  7.4860558e-001
  8.8600000e+000  5.5661258e-001
  8.8700000e+000  1.0229123e+000
  8.8800000e+000  4.2672481e-001
  8.8900000e+000  5.5982511e-001
  8.9000000e+000  3.4232815e-001
  8.9100000e+000  7.6189795e-001
  8.9200000e+000  7.3806162e-001
  8.9300000e+000  9.1599691e-001
  8.9400000e+000  9.0975697e-001
  8.9500000e+000  7.5969546e-001
  8.9600000e+000  4.9475980e-001
  8.9700000e+000  9.6306139e-001
  8.9800000e+000  6.7226976e-001
  8.9900000e+000  7.2973863e-001
  9.0000000e+000  5.2804581e-001
  9.0100000e+000  6.7131289e-001
  9.0200000e+000  7.5189332e-001
  9.0300000e+000  6.7296392e-001
  9.0400000e+000  6.8618088e-001
  9.0500000e+000  7.0510368e-001
  9.0600000e+000  1.0088924e+000
  9.0700000e+000  4.9025997e-001
  9.0800000e+000  6.2074056e-001
  9.0900000e+000  7.4586415e-001
  9.1000000e+000  6.6652877e-001
  9.1100000e+000  7.5202168e-001
  9.1200000e+000  8.7079580e-001
  9.1300000e+000  1.0039491e+000
  9.1400000e+000  1.0247353e+000
  9.1500000e+000  2.2993864e-001
  9.1600000e+000  1.0077446e+000
  9.1700000e+000  8.4086676e-001
  9.1800000e+000  8.7453575e-001
  9.1900000e+000  8.4436034e-001
  9.2000000e+000  3.3653938e-001
  9.2100000e+000  6.2563063e-001
  9.2200000e+000  8.5963619e-001
  9.2300000e+000  4.3890016e-001
  9.2400000e+000  7.9378975e-001
  9.2500000e+000  8.0766375e-001
  9.2600000e+000  1.0042565e+000
  9.2700000e+000  8.3686773e-001
  9.2800000e+000  9.6003449e-001
  9.2900000e+000  7.2805806e-001
  9.3000000e+000  6.2736421e-001
  9.3100000e+000  5.5915630e-001
  9.3200000e+000  7.3400802e-001
  9.3300000e+000  8.0378009e-001
  9.3400000e+000  4.7430630e-001
  9.3500000e+000  8.2330928e-001
  9.3600000e+000  8.4838703e-001
  9.3700000e+000  9.0333171e-001
  9.3800000e+000  5.4703926e-001
  9.3900000e+000  3.7078338e-001
  9.4000000e+000  6.1496239e-001
  9.4100000e+000  8.6114389e-001
  9.4200000e+000  8.9773009e-001
  9.4300000e+000  9.8058961e-001
  9.4400000e+000  1.0010495e+000
  9.4500000e+000  1.0309882e+000
  9.4600000e+000  6.4899303e-001
  9.4700000e+000  5.1060900e-001
  9.4800000e+000  5.6570969e-001
  9.4900000e+000  9.0801799e-001
  9.5000000e+000  7.0102180e-001
  9.5100000e+000  4.7550151e-001
  9.5200000e+000  5.6112670e-001
  9.5300000e+000  6.0938979e-001
  9.5400000e+000  7.5562163e-001
  9.5500000e+000  5.8665047e-001
  9.5600000e+000  7.5803558e-001
  9.5700000e+000  1.1376011e+000
  9.5800000e+000  6.6875764e-001
  9.5900000e+000  9.6270206e-001
  9.6000000e+000  9.6636487e-001
  9.6100000e+000  6.4007061e-001
  9.6200000e+000  5.7101076e-001
  9.6300000e+000  8.5331851e-001
  9.6400000e+000  5.0171308e-001
  9.6500000e+000  7.2048787e-001
  9.6600000e+000  8.1338774e-001
  9.6700000e+000  4.9150488e-001
  9.6800000e+000  7.8713002e-001
  9.6900000e+000  1.1223008e+000
  9.7000000e+000  5.2042240e-001
  9.7100000e+000  9.2303584e-001
  9.7200000e+000  5.5725910e-001
  9.7300000e+000  5.4077360e-001
  9.7400000e+000  4.1837213e-001
  9.7500000e+000  6.1242204e-001
  9.7600000e+000  8.2119711e-001
  9.7700000e+000  6.7633072e-001
  9.7800000e+000  8.2610495e-001
  9.7900000e+000  7.8040562e-001
  9.8000000e+000  7.3520553e-001
  9.8100000e+000  3.9319680e-001
  9.8200000e+000  6.5776527e-001
  9.8300000e+000  6.5087356e-001
  9.8400000e+000  7.2322272e-001
  9.8500000e+000  8.5841596e-001
  9.8600000e+000  4.7949853e-001
  9.8700000e+000  5.7342474e-001
  9.8800000e+000  1.0355628e+000
  9.8900000e+000  8.3034849e-001
  9.9000000e+000  5.5843283e-001
  9.9100000e+000  2.9628511e-001
  9.9200000e+000  7.9858909e-001
  9.9300000e+000  8.3754981e-001
  9.9400000e+000  7.8609580e-001
  9.9500000e+000  5.4913478e-001
  9.9600000e+000  9.0122194e-001
  9.9700000e+000  7.6818186e-001
  9.9800000e+000  8.8927748e-001
  9.9900000e+000  8.3737260e-001
  1.0000000e+001  5.9836420e-001
  1.0010000e+001  6.9503891e-001
  1.0020000e+001  8.0875565e-001
  1.0030000e+001  7.0891129e-001
  1.0040000e+001  9.5669662e-001
  1.0050000e+001  2.4766010e-001
  1.0060000e+001  5.8365381e-001
  1.0070000e+001  3.7580552e-001
  1.0080000e+001  6.5467622e-001
  1.0090000e+001  8.8737274e-001
  1.0100000e+001  3.3986915e-001
  1.0110000e+001  7.2927028e-001
  1.0120000e+001  7.1602516e-001
  1.0130000e+001  9.6200069e-001
  1.0140000e+001  6.6784711e-001
  1.0150000e+001  1.0664465e+000
  1.0160000e+001  6.8004390e-001
  1.0170000e+001  9.1242487e-001
  1.0180000e+001  5.6252950e-001
  1.0190000e+001  7.7147237e-001
  1.0200000e+001  3.7484709e-001
  1.0210000e+001  6.7908097e-001
  1.0220000e+001  6.7511876e-001
  1.0230000e+001  6.6054888e-001
  1.0240000e+001  7.9556975e-001
  1.0250000e+001  8.2033660e-001
  1.0260000e+001  9.6499490e-001
  1.0270000e+001  9.8621311e-001
  1.0280000e+001  7.3505076e-001
  1.0290000e+001  6.4714116e-001
  1.0300000e+001  5.4732287e-001
  1.0310000e+001  8.2551245e-001
  1.0320000e+001  7.6714024e-001
  1.0330000e+001  8.5029214e-001
  1.0340000e+001  7.6644762e-001
  1.0350000e+001  8.7796682e-001
  1.0360000e+001  7.9811847e-001
  1.0370000e+001  1.2791499e+000
  1.0380000e+001  7.7433239e-001
  1.0390000e+001  5.4071514e-001
  1.0400000e+001  7.7792901e-001
  1.0410000e+001  6.5260224e-001
  1.0420000e+001  8.0227122e-001
  1.0430000e+001  6.5935133e-001
  1.0440000e+001  8.5382133e-001
  1.0450000e+001  7.4613473e-001
  1.0460000e+001  5.4934967e-001
  1.0470000e+001  6.0140348e-001
  1.0480000e+001  8.3912004e-001
  1.0490000e+001  1.0039879e+000
  1.0500000e+001  1.2313978e+000
  1.0510000e+001  5.3247884e-001
  1.0520000e+001  7.2186618e-001
  1.0530000e+001  7.7354937e-001
  1.0540000e+001  9.2745831e-001
  1.0550000e+001  7.2885704e-001
  1.0560000e+001  5.1182773e-001
  1.0570000e+001  9.6072142e-001
  1.0580000e+001  7.0034267e-001
  1.0590000e+001  6.7667828e-001
  1.0600000e+001  6.1168082e-001
  1.0610000e+001  8.3304465e-001
  1.0620000e+001  9.2505883e-001
  1.0630000e+001  7.2048884e-001
  1.0640000e+001  5.4756715e-001
  1.0650000e+001  1.0198605e+000
  1.0660000e+001  9.3177711e-001
  1.0670000e+001  8.4884411e-001
  1.0680000e+001  5.0259834e-001
  1.0690000e+001  7.5350819e-001
  1.0700000e+001  7.3651036e-001
  1.0710000e+001  6.5337069e-001
  1.0720000e+001  6.7952049e-001
  1.0730000e+001  8.0564974e-001
  1.0740000e+001  5.7161357e-001
  1.0750000e+001  7.2562640e-001
  1.0760000e+001  8.0972179e-001
  1.0770000e+001  9.8894346e-001
  1.0780000e+001  7.3321096e-001
  1.0790000e+001  9.9185610e-001
  1.0800000e+001  6.8540749e-001
  1.0810000e+001  5.6726271e-001
  1.0820000e+001  9.0907174e-001
  1.0830000e+001  1.0577245e+000
  1.0840000e+001  5.7806939e-001
  1.0850000e+001  7.8525415e-001
  1.0860000e+001  5.4480185e-001
  1.0870000e+001  8.0503763e-001
  1.0880000e+001  6.5684297e-001
  1.0890000e+001  8.4528557e-001
  1.0900000e+001  5.5017703e-001
  1.0910000e+001  1.0721640e+000
  1.0920000e+001  8.0003220e-001
  1.0930000e+001  8.8729481e-001
  1.0940000e+001  5.6548638e-001
  1.0950000e+001  8.2293200e-001
  1.0960000e+001  1.1085458e+000
  1.0970000e+001  3.4799247e-001
  1.0980000e+001  6.3032839e-001
  1.0990000e+001  6.5426103e-001
  1.1000000e+001  4.1768547e-001
  1.1010000e+001  1.0848267e+000
  1.1020000e+001  6.2009719e-001
  1.1030000e+001  9.0477301e-001
  1.1040000e+001  7.0055825e-001
  1.1050000e+001  9.2253862e-001
  1.1060000e+001  1.0191603e+000
  1.1070000e+001  6.5392686e-001
  1.1080000e+001  9.3377333e-001
  1.1090000e+001  3.4178909e-001
  1.1100000e+001  9.5678830e-001
  1.1110000e+001  1.0339770e+000
  1.1120000e+001  1.1108903e+000
  1.1130000e+001  7.3794157e-001
  1.1140000e+001  8.7011664e-001
  1.1150000e+001  7.3799342e-001
  1.1160000e+001  7.5927284e-001
  1.1170000e+001  7.2474221e-001
  1.1180000e+001  8.6969935e-001
  1.1190000e+001  6.2452675e-001
  1.1200000e+001  3.7420940e-001
  1.1210000e+001  5.8455920e-001
  1.1220000e+001  8.1365831e-001
  1.1230000e+001  9.8145594e-001
  1.1240000e+001  6.6334435e-001
  1.1250000e+001  8.5497429e-001
  1.1260000e+001  7.1385202e-001
  1.1270000e+001  8.8986223e-001
  1.1280000e+001  9.8069020e-001
  1.1290000e+001  9.4179047e-001
  1.1300000e+001  4.8561015e-001
  1.1310000e+001  7.2081112e-001
  1.1320000e+001  7.7971310e-001
  1.1330000e+001  8.5628291e-001
  1.1340000e+001  6.6594990e-001
  1.1350000e+001  1.0130934e+000
  1.1360000e+001  4.9862478e-001
  1.1370000e+001  6.7151173e-001
  1.1380000e+001  1.1149226e+000
  1.1390000e+001  5.5391308e-001
  1.1400000e+001  9.4918187e-001
  1.1410000e+001  9.2930925e-001
  1.1420000e+001  1.1486410e+000
  1.1430000e+001  1.0712403e+000
  1.1440000e+001  7.4604520e-001
  1.1450000e+001  8.3566794e-001
  1.1460000e+001  6.8300901e-001
  1.1470000e+001  8.7683241e-001
  1.1480000e+001  5.5271190e-001
  1.1490000e+001  8.7957195e-001
  1.1500000e+001  7.0168583e-001
  1.1510000e+001  5.5749246e-001
  1.1520000e+001  9.6529224e-001
  1.1530000e+001  4.6720181e-001
  1.1540000e+001  1.1308863e+000
  1.1550000e+001  1.0316006e+000
  1.1560000e+001  7.2226533e-001
  1.1570000e+001  1.0161225e+000
  1.1580000e+001  6.9210731e-001
  1.1590000e+001  3.8327748e-001
  1.1600000e+001  5.3680048e-001
  1.1610000e+001  4.8346314e-001
  1.1620000e+001  5.8001695e-001
  1.1630000e+001  6.4498319e-001
  1.1640000e+001  7.6471606e-001
  1.1650000e+001  9.6037409e-001
  1.1660000e+001  7.9088536e-001
  1.1670000e+001  5.3519118e-001
  1.1680000e+001  7.6716037e-001
  1.1690000e+001  3.3067370e-001
  1.1700000e+001  6.1894003e-001
  1.1710000e+001  4.6218996e-001
  1.1720000e+001  7.1732479e-001
  1.1730000e+001  7.2398425e-001
  1.1740000e+001  7.8540585e-001
  1.1750000e+001  3.5402317e-001
  1.1760000e+001  6.9179169e-001
  1.1770000e+001  5.7092234e-001
  1.1780000e+001  5.4768017e-001
  1.1790000e+001  5.9851614e-001
  1.1800000e+001  4.8891830e-001
  1.1810000e+001  1.2354584e+000
  1.1820000e+001  5.4323387e-001
  1.1830000e+001  7.5963012e-001
  1.1840000e+001  8.5922583e-001
  1.1850000e+001  6.6401959e-001
  1.1860000e+001  6.6012561e-001
  1.1870000e+001  7.4359560e-001
  1.1880000e+001  9.5362257e-001
  1.1890000e+001  5.9394777e-001
  1.1900000e+001  7.5212579e-001
  1.1910000e+001  7.8384109e-001
  1.1920000e+001  8.2412998e-001
  1.1930000e+001  7.1296588e-001
  1.1940000e+001  5.2400886e-001
  1.1950000e+001  9.4867474e-001
  1.1960000e+001  5.4463724e-001
  1.1970000e+001  9.7866494e-001
  1.1980000e+001  1.1210001e+000
  1.1990000e+001  7.6625450e-001
  1.2000000e+001  5.9066310e-001
  1.2010000e+001  6.4770393e-001
  1.2020000e+001  7.5172466e-001
  1.2030000e+001  4.8762657e-001
  1.2040000e+001  4.2482917e-001
  1.2050000e+001  1.1145003e+000
  1.2060000e+001  3.2973776e-001
  1.2070000e+001  6.6115549e-001
  1.2080000e+001  4.2611866e-001
  1.2090000e+001  7.2070965e-001
  1.2100000e+001  9.2659482e-001
  1.2110000e+001  8.4574817e-001
  1.2120000e+001  9.9621058e-001
  1.2130000e+001  6.6536679e-001
  1.2140000e+001  6.3389217e-001
  1.2150000e+001  8.6164586e-001
  1.2160000e+001  7.0910681e-001
  1.2170000e+001  8.4515941e-001
  1.2180000e+001  6.7430763e-001
  1.2190000e+001  9.4676827e-001
  1.2200000e+001  1.0511002e+000
  1.2210000e+001  7.6670951e-001
  1.2220000e+001  7.6262480e-001
  1.2230000e+001  5.2820350e-001
  1.2240000e+001  5.9143739e-001
  1.2250000e+001  7.2078621e-001
  1.2260000e+001  4.4055718e-001
  1.2270000e+001  9.0907852e-001
  1.2280000e+001  8.2623169e-001
  1.2290000e+001  1.0974355e+000
  1.2300000e+001  1.0363969e+000
  1.2310000e+001  5.8114225e-001
  1.2320000e+001  5.1463982e-001
  1.2330000e+001  5.4850110e-001
  1.2340000e+001  5.4864989e-001
  1.2350000e+001  8.7726292e-001
  1.2360000e+001  9.4864923e-001
  1.2370000e+001  5.8640499e-001
  1.2380000e+001  6.2634804e-001
  1.2390000e+001  6.9668520e-001
  1.2400000e+001  4.8037125e-001
  1.2410000e+001  5.7550275e-001
  1.2420000e+001  9.0470626e-001
  1.2430000e+001  6.9612450e-001
  1.2440000e+001  8.1311887e-001
  1.2450000e+001  7.5629539e-001
  1.2460000e+001  1.0132735e+000
  1.2470000e+001  7.6941019e-001
  1.2480000e+001  5.5636517e-001
  1.2490000e+001  4.0513644e-001
  1.2500000e+001  3.6802614e-001
