  0.0000000e+000  3.4629812e-001
  1.0000000e-002  3.0662756e-001
  2.0000000e-002 -1.1659446e-001
  3.0000000e-002 -5.3221042e-001
  4.0000000e-002  1.2233129e-001
  5.0000000e-002 -8.4192582e-002
  6.0000000e-002  2.8143765e-001
  7.0000000e-002 -2.4878894e-001
  8.0000000e-002 -1.6456739e-001
  9.0000000e-002  7.7841128e-003
  1.0000000e-001 -2.6249419e-001
  1.1000000e-001 -2.1940102e-001
  1.2000000e-001 -4.3984313e-001
  1.3000000e-001  4.5632084e-002
  1.4000000e-001  6.0527679e-002
  1.5000000e-001  7.3316665e-002
  1.6000000e-001 -1.3652838e-001
  1.7000000e-001 -3.1693091e-001
  1.8000000e-001 -2.6500299e-001
  1.9000000e-001 -2.0112365e-001
  2.0000000e-001  2.4529982e-002
  2.1000000e-001  4.6660511e-001
  2.2000000e-001 -2.9501305e-001
  2.3000000e-001  9.0671439e-002
  2.4000000e-001 -1.5000700e-001
  2.5000000e-001 -2.9826381e-001
  2.6000000e-001 -4.9660822e-002
  2.7000000e-001 -1.8009097e-001
  2.8000000e-001  1.7369863e-002
  2.9000000e-001 -2.2147685e-001
  3.0000000e-001 -8.4378063e-003
  3.1000000e-001  1.3339977e-001
  3.2000000e-001 -1.2523927e-001
  3.3000000e-001 -4.3710906e-001
  3.4000000e-001 -4.4970555e-001
  3.5000000e-001  1.4628143e-001
  3.6000000e-001 -2.3823837e-001
  3.7000000e-001 -1.5083973e-001
  3.8000000e-001 -1.4290161e-001
  3.9000000e-001  1.3091839e-001
  4.0000000e-001 -1.5138327e-001
  4.1000000e-001  6.7158153e-002
  4.2000000e-001  6.9073812e-003
  4.3000000e-001 -2.1657365e-001
  4.4000000e-001 -3.5339584e-001
  4.5000000e-001 -2.5917516e-001
  4.6000000e-001 -5.0653204e-002
  4.7000000e-001 -3.5101865e-001
  4.8000000e-001 -9.9430472e-002
  4.9000000e-001 -2.4875162e-001
  5.0000000e-001 -3.7107068e-001
  5.1000000e-001  3.9742597e-002
  5.2000000e-001 -2.2039274e-001
  5.3000000e-001 -1.7136437e-001
  5.4000000e-001 -2.5167847e-001
  5.5000000e-001 -5.0868662e-001
  5.6000000e-001 -9.9924199e-002
  5.7000000e-001 -5.1043950e-001
  5.8000000e-001 -3.2093496e-002
  5.9000000e-001 -2.4265073e-001
  6.0000000e-001 -5.5123426e-001
  6.1000000e-001 -5.1087913e-001
  6.2000000e-001 -4.3979320e-001
  6.3000000e-001 -3.2589269e-001
  6.4000000e-001 -1.4383762e-001
  6.5000000e-001  1.2925204e-001
  6.6000000e-001 -2.1939330e-002
  6.7000000e-001  2.0045808e-001
  6.8000000e-001 -3.5958993e-001
  6.9000000e-001 -4.8051289e-002
  7.0000000e-001 -4.9495623e-001
  7.1000000e-001 -1.6813362e-001
  7.2000000e-001 -3.2701652e-001
  7.3000000e-001 -2.2885687e-001
  7.4000000e-001 -6.8475168e-002
  7.5000000e-001 -1.4447294e-001
  7.6000000e-001 -1.1457709e-001
  7.7000000e-001  2.6125688e-001
  7.8000000e-001 -5.8922629e-003
  7.9000000e-001 -3.8876974e-001
  8.0000000e-001 -3.3600205e-001
  8.1000000e-001 -1.1111260e-001
  8.2000000e-001 -6.5130460e-001
  8.3000000e-001  9.4219332e-002
  8.4000000e-001 -2.1975763e-001
  8.5000000e-001  4.7854307e-002
  8.6000000e-001 -8.3234622e-003
  8.7000000e-001 -9.2978346e-002
  8.8000000e-001  2.1074434e-001
  8.9000000e-001 -1.4234863e-001
  9.0000000e-001 -4.9351040e-001
  9.1000000e-001  1.4386309e-002
  9.2000000e-001 -7.7412129e-001
  9.3000000e-001 -2.6596524e-001
  9.4000000e-001 -8.4323710e-002
  9.5000000e-001 -9.8299403e-002
  9.6000000e-001 -8.6480171e-002
  9.7000000e-001 -2.0183054e-001
  9.8000000e-001 -2.0787124e-001
  9.9000000e-001 -1.3442607e-001
  1.0000000e+000 -5.0377571e-001
  1.0100000e+000  3.8969788e-002
  1.0200000e+000 -2.8457023e-001
  1.0300000e+000 -3.3792619e-001
  1.0400000e+000  7.0564033e-002
  1.0500000e+000  5.4769153e-002
  1.0600000e+000  2.8128751e-001
  1.0700000e+000  2.9918096e-001
  1.0800000e+000 -1.8691742e-001
  1.0900000e+000 -6.0191530e-003
  1.1000000e+000 -3.4103031e-001
  1.1100000e+000 -2.3438941e-001
  1.1200000e+000 -1.1249059e-001
  1.1300000e+000 -3.8991364e-001
  1.1400000e+000  5.6767246e-003
  1.1500000e+000 -7.6454539e-003
  1.1600000e+000 -3.1594601e-001
  1.1700000e+000  2.2395910e-001
  1.1800000e+000 -2.0066433e-001
  1.1900000e+000  1.3697640e-001
  1.2000000e+000  1.7371384e-001
  1.2100000e+000 -5.1962015e-001
  1.2200000e+000  8.1944565e-002
  1.2300000e+000 -4.9950903e-002
  1.2400000e+000 -1.9810322e-001
  1.2500000e+000  8.8537563e-002
  1.2600000e+000  3.2148994e-001
  1.2700000e+000 -1.6304238e-001
  1.2800000e+000 -1.7759224e-001
  1.2900000e+000  1.9273477e-002
  1.3000000e+000 -2.7447090e-001
  1.3100000e+000 -1.5099148e-003
  1.3200000e+000  1.0133423e-001
  1.3300000e+000  8.7015103e-002
  1.3400000e+000 -3.7454838e-002
  1.3500000e+000 -1.4581165e-001
  1.3600000e+000 -1.1527207e-001
  1.3700000e+000 -1.7876289e-001
  1.3800000e+000 -2.9071090e-001
  1.3900000e+000 -4.3122938e-003
  1.4000000e+000 -7.8731286e-002
  1.4100000e+000  1.6595969e-001
  1.4200000e+000 -1.5641801e-001
  1.4300000e+000  3.8714737e-002
  1.4400000e+000  2.2834778e-001
  1.4500000e+000 -7.5724067e-002
  1.4600000e+000 -1.1041130e-001
  1.4700000e+000  9.3879635e-002
  1.4800000e+000  7.7521506e-002
  1.4900000e+000  2.7787955e-002
  1.5000000e+000  3.8068412e-001
  1.5100000e+000  3.6830026e-001
  1.5200000e+000  1.7996071e-001
  1.5300000e+000  1.3902560e-001
  1.5400000e+000  1.0995550e-001
  1.5500000e+000  3.9461862e-001
  1.5600000e+000 -2.7111371e-001
  1.5700000e+000 -1.3330096e-001
  1.5800000e+000  3.1515320e-001
  1.5900000e+000 -5.3445414e-002
  1.6000000e+000 -1.1837085e-001
  1.6100000e+000  4.2824444e-001
  1.6200000e+000 -1.8007203e-002
  1.6300000e+000  2.1845403e-001
  1.6400000e+000  2.8818109e-001
  1.6500000e+000  3.9820560e-001
  1.6600000e+000 -5.0651983e-004
  1.6700000e+000  2.0730900e-001
  1.6800000e+000  5.7878519e-001
  1.6900000e+000 -5.5314572e-002
  1.7000000e+000  3.8893853e-001
  1.7100000e+000  1.5592522e-001
  1.7200000e+000  9.6376788e-002
  1.7300000e+000  4.8102325e-001
  1.7400000e+000  2.9483649e-001
  1.7500000e+000 -5.9644570e-003
  1.7600000e+000  1.0682927e-001
  1.7700000e+000  6.9893396e-002
  1.7800000e+000  1.3930366e-001
  1.7900000e+000 -6.0314669e-002
  1.8000000e+000  1.0685632e-001
  1.8100000e+000  1.9265450e-001
  1.8200000e+000  1.7101242e-001
  1.8300000e+000  2.0626534e-001
  1.8400000e+000  3.9362127e-001
  1.8500000e+000  1.8487153e-002
  1.8600000e+000  8.4561921e-002
  1.8700000e+000  4.0936354e-001
  1.8800000e+000 -2.3953149e-001
  1.8900000e+000  2.9717735e-001
  1.9000000e+000  4.1253640e-001
  1.9100000e+000  3.7229896e-001
  1.9200000e+000  3.3132748e-001
  1.9300000e+000  5.3191030e-002
  1.9400000e+000  4.7241379e-001
  1.9500000e+000 -3.4367226e-002
  1.9600000e+000  5.5537294e-001
  1.9700000e+000  2.0268063e-001
  1.9800000e+000  3.1302913e-001
  1.9900000e+000  2.0848219e-001
  2.0000000e+000  1.6740339e-001
  2.0100000e+000 -1.4586771e-001
  2.0200000e+000  4.8150293e-001
  2.0300000e+000  2.2024743e-001
  2.0400000e+000  2.6405491e-001
  2.0500000e+000  2.7057751e-001
  2.0600000e+000  3.9334623e-001
  2.0700000e+000  5.7352095e-001
  2.0800000e+000  5.5112733e-001
  2.0900000e+000  2.9766290e-001
  2.1000000e+000  5.3653036e-001
  2.1100000e+000  8.3345417e-002
  2.1200000e+000  3.5557376e-001
  2.1300000e+000  4.2770111e-001
  2.1400000e+000  5.1032029e-001
  2.1500000e+000  3.9240149e-001
  2.1600000e+000  6.3247272e-001
  2.1700000e+000  2.9283134e-001
  2.1800000e+000  4.6980531e-001
  2.1900000e+000  3.3472609e-001
  2.2000000e+000  2.0829756e-001
  2.2100000e+000  2.6862136e-001
  2.2200000e+000  5.0509505e-001
  2.2300000e+000  5.1160073e-001
  2.2400000e+000  1.6967186e-001
  2.2500000e+000  3.1391472e-001
  2.2600000e+000  3.3688206e-001
  2.2700000e+000  9.5529477e-001
  2.2800000e+000  6.7932088e-001
  2.2900000e+000  6.3554816e-002
  2.3000000e+000  8.6777923e-001
  2.3100000e+000  5.5771003e-001
  2.3200000e+000  6.1625616e-001
  2.3300000e+000  3.6076565e-001
  2.3400000e+000  5.6428976e-001
  2.3500000e+000  7.9487612e-001
  2.3600000e+000  5.1354827e-001
  2.3700000e+000  7.2877431e-001
  2.3800000e+000  6.6765033e-001
  2.3900000e+000  5.1441457e-001
  2.4000000e+000  2.8541847e-001
  2.4100000e+000  3.8757053e-001
  2.4200000e+000  8.1451227e-001
  2.4300000e+000  4.3443646e-001
  2.4400000e+000  4.0150898e-001
  2.4500000e+000  4.9904293e-001
  2.4600000e+000  2.6022163e-001
  2.4700000e+000  7.0498072e-001
  2.4800000e+000  5.6348806e-001
  2.4900000e+000  3.8059715e-001
  2.5000000e+000  4.6478322e-001
  2.5100000e+000  2.2424994e-001
  2.5200000e+000  8.6137682e-001
  2.5300000e+000  6.2610601e-001
  2.5400000e+000  6.1292591e-001
  2.5500000e+000  6.4618001e-001
  2.5600000e+000  4.5483370e-001
  2.5700000e+000  5.6579661e-001
  2.5800000e+000  5.9635693e-001
  2.5900000e+000  6.0285908e-001
  2.6000000e+000  4.0234576e-001
  2.6100000e+000  6.7734586e-001
  2.6200000e+000  4.6382082e-001
  2.6300000e+000  8.0081050e-001
  2.6400000e+000  6.4102674e-001
  2.6500000e+000  9.3113529e-001
  2.6600000e+000  9.2523565e-001
  2.6700000e+000  1.9431607e-001
  2.6800000e+000  4.1703736e-001
  2.6900000e+000  8.6237475e-001
  2.7000000e+000  5.3596960e-001
  2.7100000e+000  6.4971366e-001
  2.7200000e+000  6.1623734e-001
  2.7300000e+000  5.3506068e-001
  2.7400000e+000  5.9872961e-001
  2.7500000e+000  8.7999322e-001
  2.7600000e+000  5.5166630e-001
  2.7700000e+000  5.6528864e-001
  2.7800000e+000  5.4545621e-001
  2.7900000e+000  4.4331317e-001
  2.8000000e+000  8.0700165e-001
  2.8100000e+000  5.7865004e-001
  2.8200000e+000  4.2825506e-001
  2.8300000e+000  5.5997495e-001
  2.8400000e+000  7.7066707e-001
  2.8500000e+000  7.2745967e-001
  2.8600000e+000  8.8461302e-001
  2.8700000e+000  8.0843016e-001
  2.8800000e+000  4.8927419e-001
  2.8900000e+000  7.8439335e-001
  2.9000000e+000  5.0472429e-001
  2.9100000e+000  1.0771330e+000
  2.9200000e+000  8.1761498e-001
  2.9300000e+000  3.1141388e-001
  2.9400000e+000  9.4490445e-001
  2.9500000e+000  3.7878180e-001
  2.9600000e+000  6.7412259e-001
  2.9700000e+000  8.9801884e-001
  2.9800000e+000  6.1114641e-001
  2.9900000e+000  6.8681917e-001
  3.0000000e+000  8.6219829e-001
  3.0100000e+000  7.3232431e-001
  3.0200000e+000  8.0597583e-001
  3.0300000e+000  8.8028112e-001
  3.0400000e+000  9.3713238e-001
  3.0500000e+000  9.0183742e-001
  3.0600000e+000  1.0359681e+000
  3.0700000e+000  6.4268227e-001
  3.0800000e+000  3.5495997e-001
  3.0900000e+000  1.0352466e+000
  3.1000000e+000  6.4671727e-001
  3.1100000e+000  6.2966975e-001
  3.1200000e+000  5.1077914e-001
  3.1300000e+000  8.9630992e-001
  3.1400000e+000  9.0208204e-001
  3.1500000e+000  8.1589282e-001
  3.1600000e+000  7.9747087e-001
  3.1700000e+000  7.4103457e-001
  3.1800000e+000  5.8974786e-001
  3.1900000e+000  7.2812235e-001
  3.2000000e+000  7.5077844e-001
  3.2100000e+000  1.1094271e+000
  3.2200000e+000  6.5162452e-001
  3.2300000e+000  6.1374664e-001
  3.2400000e+000  1.0454838e+000
  3.2500000e+000  1.1652614e+000
  3.2600000e+000  7.5230883e-001
  3.2700000e+000  1.0577305e+000
  3.2800000e+000  5.1938519e-001
  3.2900000e+000  1.0076812e+000
  3.3000000e+000  6.4909186e-001
  3.3100000e+000  8.2067741e-001
  3.3200000e+000  6.5725005e-001
  3.3300000e+000  4.5155423e-001
  3.3400000e+000  7.5157722e-001
  3.3500000e+000  1.0121795e+000
  3.3600000e+000  5.8289421e-001
  3.3700000e+000  4.2484984e-001
  3.3800000e+000  5.1887213e-001
  3.3900000e+000  8.8338826e-001
  3.4000000e+000  8.6811883e-001
  3.4100000e+000  5.3294895e-001
  3.4200000e+000  1.2625340e+000
  3.4300000e+000  8.5478942e-001
  3.4400000e+000  8.5261194e-001
  3.4500000e+000  5.9111518e-001
  3.4600000e+000  8.1089948e-001
  3.4700000e+000  6.7099781e-001
  3.4800000e+000  4.5783162e-001
  3.4900000e+000  7.8707627e-001
  3.5000000e+000  6.9129053e-001
  3.5100000e+000  8.6533654e-001
  3.5200000e+000  1.0758234e+000
  3.5300000e+000  9.3416266e-001
  3.5400000e+000  9.5697231e-001
  3.5500000e+000  8.2512524e-001
  3.5600000e+000  7.7662844e-001
  3.5700000e+000  8.9111206e-001
  3.5800000e+000  9.4320003e-001
  3.5900000e+000  7.6784762e-001
  3.6000000e+000  7.2934650e-001
  3.6100000e+000  1.0870481e+000
  3.6200000e+000  9.1428593e-001
  3.6300000e+000  1.1706453e+000
  3.6400000e+000  1.0237424e+000
  3.6500000e+000  9.1902862e-001
  3.6600000e+000  9.5324856e-001
  3.6700000e+000  1.2526994e+000
  3.6800000e+000  5.9509175e-001
  3.6900000e+000  5.5155022e-001
  3.7000000e+000  8.6957949e-001
  3.7100000e+000  5.3040820e-001
  3.7200000e+000  7.6967305e-001
  3.7300000e+000  9.7662122e-001
  3.7400000e+000  7.1010999e-001
  3.7500000e+000  7.8790106e-001
  3.7600000e+000  9.3109334e-001
  3.7700000e+000  9.5292064e-001
  3.7800000e+000  7.2230854e-001
  3.7900000e+000  5.5401893e-001
  3.8000000e+000  1.0238315e+000
  3.8100000e+000  9.0640586e-001
  3.8200000e+000  1.1756564e+000
  3.8300000e+000  8.2254789e-001
  3.8400000e+000  6.3084311e-001
  3.8500000e+000  1.0226833e+000
  3.8600000e+000  7.9947224e-001
  3.8700000e+000  1.1076869e+000
  3.8800000e+000  1.0202868e+000
  3.8900000e+000  1.2211369e+000
  3.9000000e+000  1.0159969e+000
  3.9100000e+000  1.1675132e+000
  3.9200000e+000  1.0808121e+000
  3.9300000e+000  9.1968081e-001
  3.9400000e+000  1.0178369e+000
  3.9500000e+000  9.2329526e-001
  3.9600000e+000  1.1217070e+000
  3.9700000e+000  9.9480249e-001
  3.9800000e+000  1.2759729e+000
  3.9900000e+000  6.0285245e-001
  4.0000000e+000  1.0614043e+000
  4.0100000e+000  1.2061219e+000
  4.0200000e+000  5.4494630e-001
  4.0300000e+000  8.3992496e-001
  4.0400000e+000  1.1266215e+000
  4.0500000e+000  5.9921645e-001
  4.0600000e+000  9.7458580e-001
  4.0700000e+000  7.2789533e-001
  4.0800000e+000  1.1451533e+000
  4.0900000e+000  8.0934662e-001
  4.1000000e+000  1.0204174e+000
  4.1100000e+000  8.0402207e-001
  4.1200000e+000  6.9131201e-001
  4.1300000e+000  6.9080416e-001
  4.1400000e+000  1.0104404e+000
  4.1500000e+000  6.7286166e-001
  4.1600000e+000  1.2790647e+000
  4.1700000e+000  1.2264523e+000
  4.1800000e+000  9.8410920e-001
  4.1900000e+000  1.2795248e+000
  4.2000000e+000  5.8230129e-001
  4.2100000e+000  5.4062204e-001
  4.2200000e+000  1.0631341e+000
  4.2300000e+000  1.2307715e+000
  4.2400000e+000  1.2256968e+000
  4.2500000e+000  1.1178625e+000
  4.2600000e+000  7.9670729e-001
  4.2700000e+000  8.8886819e-001
  4.2800000e+000  9.0712727e-001
  4.2900000e+000  1.0481218e+000
  4.3000000e+000  7.8604957e-001
  4.3100000e+000  1.0460078e+000
  4.3200000e+000  6.3117322e-001
  4.3300000e+000  9.0060703e-001
  4.3400000e+000  9.5837172e-001
  4.3500000e+000  1.1842666e+000
  4.3600000e+000  6.0365488e-001
  4.3700000e+000  8.6916005e-001
  4.3800000e+000  9.9284686e-001
  4.3900000e+000  8.9110318e-001
  4.4000000e+000  1.0422157e+000
  4.4100000e+000  1.0323134e+000
  4.4200000e+000  1.0403276e+000
  4.4300000e+000  1.0111679e+000
  4.4400000e+000  5.0706772e-001
  4.4500000e+000  1.0060277e+000
  4.4600000e+000  1.1102473e+000
  4.4700000e+000  7.7468530e-001
  4.4800000e+000  8.9903166e-001
  4.4900000e+000  1.0733965e+000
  4.5000000e+000  1.1864855e+000
  4.5100000e+000  1.0519759e+000
  4.5200000e+000  9.1116724e-001
  4.5300000e+000  8.7318821e-001
  4.5400000e+000  8.7565576e-001
  4.5500000e+000  5.1211711e-001
  4.5600000e+000  1.0851034e+000
  4.5700000e+000  8.1847671e-001
  4.5800000e+000  9.0567626e-001
  4.5900000e+000  9.6561335e-001
  4.6000000e+000  6.5502469e-001
  4.6100000e+000  9.4468240e-001
  4.6200000e+000  1.0837701e+000
  4.6300000e+000  9.1835312e-001
  4.6400000e+000  5.2639069e-001
  4.6500000e+000  1.0632818e+000
  4.6600000e+000  1.1072550e+000
  4.6700000e+000  9.7861248e-001
  4.6800000e+000  6.7703930e-001
  4.6900000e+000  1.0858354e+000
  4.7000000e+000  9.1462180e-001
  4.7100000e+000  9.9166780e-001
  4.7200000e+000  8.3845969e-001
  4.7300000e+000  7.7806433e-001
  4.7400000e+000  6.7414479e-001
  4.7500000e+000  4.9405270e-001
  4.7600000e+000  1.1265971e+000
  4.7700000e+000  1.0307388e+000
  4.7800000e+000  1.2021144e+000
  4.7900000e+000  8.8222784e-001
  4.8000000e+000  7.2319636e-001
  4.8100000e+000  9.5626256e-001
  4.8200000e+000  6.7537064e-001
  4.8300000e+000  6.4658163e-001
  4.8400000e+000  7.3142248e-001
  4.8500000e+000  8.1615659e-001
  4.8600000e+000  6.4987375e-001
  4.8700000e+000  1.0634293e+000
  4.8800000e+000  1.1681180e+000
  4.8900000e+000  1.1058074e+000
  4.9000000e+000  6.0885639e-001
  4.9100000e+000  9.4279368e-001
  4.9200000e+000  8.5856960e-001
  4.9300000e+000  9.0625036e-001
  4.9400000e+000  1.2804227e+000
  4.9500000e+000  1.0107605e+000
  4.9600000e+000  7.2449857e-001
  4.9700000e+000  7.4791318e-001
  4.9800000e+000  9.7526046e-001
  4.9900000e+000  6.6208662e-001
  5.0000000e+000  7.3425338e-001
  5.0100000e+000  1.0412958e+000
  5.0200000e+000  8.2962541e-001
  5.0300000e+000  1.1169207e+000
  5.0400000e+000  1.0249718e+000
  5.0500000e+000  6.3486040e-001
  5.0600000e+000  8.1911766e-001
  5.0700000e+000  7.9314875e-001
  5.0800000e+000  8.8516475e-001
  5.0900000e+000  5.7944489e-001
  5.1000000e+000  5.5074011e-001
  5.1100000e+000  9.4980550e-001
  5.1200000e+000  6.6370686e-001
  5.1300000e+000  1.2913511e+000
  5.1400000e+000  9.9417410e-001
  5.1500000e+000  7.0216960e-001
  5.1600000e+000  8.4454888e-001
  5.1700000e+000  4.6809944e-001
  5.1800000e+000  8.5145341e-001
  5.1900000e+000  8.5936679e-001
  5.2000000e+000  9.4295471e-001
  5.2100000e+000  4.6601877e-001
  5.2200000e+000  1.0432700e+000
  5.2300000e+000  9.6448260e-001
  5.2400000e+000  3.9911026e-001
  5.2500000e+000  8.2823961e-001
  5.2600000e+000  9.1647319e-001
  5.2700000e+000  6.9262746e-001
  5.2800000e+000  1.0945880e+000
  5.2900000e+000  9.6870325e-001
  5.3000000e+000  8.2134901e-001
  5.3100000e+000  6.5256417e-001
  5.3200000e+000  3.6441521e-001
  5.3300000e+000  9.7853893e-001
  5.3400000e+000  5.8774191e-001
  5.3500000e+000  6.0321367e-001
  5.3600000e+000  4.8409154e-001
  5.3700000e+000  5.8520777e-001
  5.3800000e+000  3.0199279e-001
  5.3900000e+000  6.7495213e-001
  5.4000000e+000  8.0211834e-001
  5.4100000e+000  8.1252401e-001
  5.4200000e+000  9.1092937e-001
  5.4300000e+000  7.4114403e-001
  5.4400000e+000  1.0697343e+000
  5.4500000e+000  5.6509398e-001
  5.4600000e+000  5.3855664e-001
  5.4700000e+000  5.8624142e-001
  5.4800000e+000  7.2547247e-001
  5.4900000e+000  8.1150513e-001
  5.5000000e+000  4.9999080e-001
  5.5100000e+000  7.7222663e-001
  5.5200000e+000  8.3922615e-001
  5.5300000e+000  6.2661644e-001
  5.5400000e+000  8.3329703e-001
  5.5500000e+000  6.2245963e-001
  5.5600000e+000  5.8580059e-001
  5.5700000e+000  9.3894672e-001
  5.5800000e+000  1.4101674e-001
  5.5900000e+000  5.1365654e-001
  5.6000000e+000  6.2263009e-001
  5.6100000e+000  5.6113056e-001
  5.6200000e+000  6.8513475e-001
  5.6300000e+000  7.1273182e-001
  5.6400000e+000  8.2165169e-001
  5.6500000e+000  9.8372399e-001
  5.6600000e+000  7.2591568e-001
  5.6700000e+000  9.0055310e-001
  5.6800000e+000  4.9570661e-001
  5.6900000e+000  8.3966244e-001
  5.7000000e+000  1.0302619e+000
  5.7100000e+000  6.5095947e-001
  5.7200000e+000  6.0888204e-001
  5.7300000e+000  7.5730091e-001
  5.7400000e+000  1.0651260e+000
  5.7500000e+000  7.0604346e-001
  5.7600000e+000  9.1834513e-001
  5.7700000e+000  1.0233628e+000
  5.7800000e+000  7.9988111e-001
  5.7900000e+000  4.6702754e-001
  5.8000000e+000  7.2091114e-001
  5.8100000e+000  5.4998105e-001
  5.8200000e+000  9.0879355e-001
  5.8300000e+000  8.6504020e-001
  5.8400000e+000  9.9373842e-001
  5.8500000e+000  4.8474266e-001
  5.8600000e+000  9.0108647e-001
  5.8700000e+000  3.4840249e-001
  5.8800000e+000  7.3060901e-001
  5.8900000e+000  8.3832273e-001
  5.9000000e+000  7.4887624e-001
  5.9100000e+000  7.3500403e-001
  5.9200000e+000  7.5980508e-001
  5.9300000e+000  6.6488774e-001
  5.9400000e+000  3.9646022e-001
  5.9500000e+000  6.5828840e-001
  5.9600000e+000  1.0686115e+000
  5.9700000e+000  8.1176409e-001
  5.9800000e+000  8.1516781e-001
  5.9900000e+000  8.9011092e-001
  6.0000000e+000  5.8573564e-001
  6.0100000e+000  8.3627438e-001
  6.0200000e+000  7.4449339e-001
  6.0300000e+000  1.2023185e+000
  6.0400000e+000  1.0253491e+000
  6.0500000e+000  5.6751136e-001
  6.0600000e+000  8.1735931e-001
  6.0700000e+000  2.9682396e-001
  6.0800000e+000  9.0792161e-001
  6.0900000e+000  9.0997578e-001
  6.1000000e+000  9.1181565e-001
  6.1100000e+000  6.0127619e-001
  6.1200000e+000  7.7880920e-001
  6.1300000e+000  6.2469431e-001
  6.1400000e+000  9.8503094e-001
  6.1500000e+000  8.7428990e-001
  6.1600000e+000  9.9810470e-001
  6.1700000e+000  7.9629755e-001
  6.1800000e+000  8.2706344e-001
  6.1900000e+000  5.6395632e-001
  6.2000000e+000  5.9323410e-001
  6.2100000e+000  9.4079353e-001
  6.2200000e+000  9.7399387e-001
  6.2300000e+000  8.0348525e-001
  6.2400000e+000  1.0051542e+000
  6.2500000e+000  6.9813576e-001
  6.2600000e+000  8.7311312e-001
  6.2700000e+000  6.6919315e-001
  6.2800000e+000  4.2694679e-001
  6.2900000e+000  6.7118822e-001
  6.3000000e+000  8.4936239e-001
  6.3100000e+000  4.9993048e-001
  6.3200000e+000  8.8142969e-001
  6.3300000e+000  4.9072692e-001
  6.3400000e+000  8.7694279e-001
  6.3500000e+000  9.8576394e-001
  6.3600000e+000  6.6780754e-001
  6.3700000e+000  9.1878313e-001
  6.3800000e+000  9.7499175e-001
  6.3900000e+000  7.1968691e-001
  6.4000000e+000  1.2607455e+000
  6.4100000e+000  7.8750531e-001
  6.4200000e+000  1.0293592e+000
  6.4300000e+000  7.9623618e-001
  6.4400000e+000  6.0077053e-001
  6.4500000e+000  9.3634928e-001
  6.4600000e+000  5.4628489e-001
  6.4700000e+000  5.7301706e-001
  6.4800000e+000  7.5470944e-001
  6.4900000e+000  9.3824383e-001
  6.5000000e+000  6.0515694e-001
  6.5100000e+000  9.7906727e-001
  6.5200000e+000  7.2191965e-001
  6.5300000e+000  4.1909404e-001
  6.5400000e+000  7.5851374e-001
  6.5500000e+000  1.1345354e+000
  6.5600000e+000  5.0524416e-001
  6.5700000e+000  4.1877951e-001
  6.5800000e+000  7.1270733e-001
  6.5900000e+000  6.2331811e-001
  6.6000000e+000  8.6639215e-001
  6.6100000e+000  6.9530578e-001
  6.6200000e+000  7.8774616e-001
  6.6300000e+000  7.1893422e-001
  6.6400000e+000  1.1303087e+000
  6.6500000e+000  7.7955570e-001
  6.6600000e+000  8.5882916e-001
  6.6700000e+000  5.1871659e-001
  6.6800000e+000  9.7034744e-001
  6.6900000e+000  1.0208252e+000
  6.7000000e+000  7.2200338e-001
  6.7100000e+000  9.0541096e-001
  6.7200000e+000  8.7169542e-001
  6.7300000e+000  8.5470060e-001
  6.7400000e+000  7.6376997e-001
  6.7500000e+000  1.0656444e+000
  6.7600000e+000  5.4215143e-001
  6.7700000e+000  5.8642517e-001
  6.7800000e+000  8.1738324e-001
  6.7900000e+000  8.2489669e-001
  6.8000000e+000  9.6779413e-001
  6.8100000e+000  8.7124572e-001
  6.8200000e+000  1.0350658e+000
  6.8300000e+000  9.0733635e-001
  6.8400000e+000  4.6650806e-001
  6.8500000e+000  1.1769161e+000
  6.8600000e+000  4.9928516e-001
  6.8700000e+000  2.1498830e-001
  6.8800000e+000  5.7414139e-001
  6.8900000e+000  6.3335596e-001
  6.9000000e+000  9.3090002e-001
  6.9100000e+000  7.4382235e-001
  6.9200000e+000  6.4513649e-001
  6.9300000e+000  6.7656918e-001
  6.9400000e+000  7.8981917e-001
  6.9500000e+000  8.3289045e-001
  6.9600000e+000  5.6041582e-001
  6.9700000e+000  6.7996456e-001
  6.9800000e+000  5.3283228e-001
  6.9900000e+000  4.5789735e-001
  7.0000000e+000  7.4402009e-001
  7.0100000e+000  6.2482763e-001
  7.0200000e+000  7.8259206e-001
  7.0300000e+000  8.9536282e-001
  7.0400000e+000  6.4638407e-001
  7.0500000e+000  8.7126051e-001
  7.0600000e+000  6.8207466e-001
  7.0700000e+000  1.3380285e+000
  7.0800000e+000  7.9546903e-001
  7.0900000e+000  7.1186240e-001
  7.1000000e+000  1.4522556e-001
  7.1100000e+000  8.0841830e-001
  7.1200000e+000  5.2570931e-001
  7.1300000e+000  8.0376487e-001
  7.1400000e+000  7.8280976e-001
  7.1500000e+000  7.5968103e-001
  7.1600000e+000  8.6154680e-001
  7.1700000e+000  5.9114871e-001
  7.1800000e+000  7.8086103e-001
  7.1900000e+000  6.1042901e-001
  7.2000000e+000  7.1653839e-001
  7.2100000e+000  5.4222332e-001
  7.2200000e+000  6.0634962e-001
  7.2300000e+000  6.5841606e-001
  7.2400000e+000  9.7896628e-001
  7.2500000e+000  7.5013396e-001
  7.2600000e+000  7.1699894e-001
  7.2700000e+000  8.5697516e-001
  7.2800000e+000  7.9279329e-001
  7.2900000e+000  6.5204414e-001
  7.3000000e+000  1.0153876e+000
  7.3100000e+000  8.5245149e-001
  7.3200000e+000  6.6990792e-001
  7.3300000e+000  7.5742198e-001
  7.3400000e+000  7.4108184e-001
  7.3500000e+000  5.8449462e-001
  7.3600000e+000  5.8828681e-001
  7.3700000e+000  1.0121995e+000
  7.3800000e+000  7.8234655e-001
  7.3900000e+000  7.9283371e-001
  7.4000000e+000  1.1404622e+000
  7.4100000e+000  6.3972844e-001
  7.4200000e+000  7.3306951e-001
  7.4300000e+000  2.0779401e-001
  7.4400000e+000  4.6558716e-001
  7.4500000e+000  9.0369032e-001
  7.4600000e+000  6.7153740e-001
  7.4700000e+000  8.1102568e-001
  7.4800000e+000  5.3082142e-001
  7.4900000e+000  6.1032947e-001
  7.5000000e+000  5.5305367e-001
  7.5100000e+000  6.1741291e-001
  7.5200000e+000 -4.8796107e-002
  7.5300000e+000  6.8241107e-001
  7.5400000e+000  8.4561238e-001
  7.5500000e+000  7.0038600e-001
  7.5600000e+000  7.6579558e-001
  7.5700000e+000  7.6860163e-001
  7.5800000e+000  7.7017613e-001
  7.5900000e+000  6.7958049e-001
  7.6000000e+000  6.4836363e-001
  7.6100000e+000  8.5137367e-001
  7.6200000e+000  7.5039887e-001
  7.6300000e+000  8.8990201e-001
  7.6400000e+000  6.7941247e-001
  7.6500000e+000  8.3422604e-001
  7.6600000e+000  1.0937630e+000
  7.6700000e+000  7.0123741e-001
  7.6800000e+000  7.9414031e-001
  7.6900000e+000  6.2426279e-001
  7.7000000e+000  5.7484987e-001
  7.7100000e+000  1.0165364e+000
  7.7200000e+000  7.2993158e-001
  7.7300000e+000  3.9344046e-001
  7.7400000e+000  6.8827794e-001
  7.7500000e+000  8.2557333e-001
  7.7600000e+000  9.8598853e-001
  7.7700000e+000  8.6892673e-001
  7.7800000e+000  6.0646837e-001
  7.7900000e+000  5.2068612e-001
  7.8000000e+000  5.0563230e-001
  7.8100000e+000  5.8302735e-001
  7.8200000e+000  5.7855828e-001
  7.8300000e+000  6.9434476e-001
  7.8400000e+000  1.0031243e+000
  7.8500000e+000  4.2600462e-001
  7.8600000e+000  9.1801236e-001
  7.8700000e+000  8.4300007e-001
  7.8800000e+000  8.8715480e-001
  7.8900000e+000  5.0085539e-001
  7.9000000e+000  7.8750618e-001
  7.9100000e+000  1.0223193e+000
  7.9200000e+000  7.8286467e-001
  7.9300000e+000  6.6581471e-001
  7.9400000e+000  7.1412414e-001
  7.9500000e+000  6.3216027e-001
  7.9600000e+000  8.2537855e-001
  7.9700000e+000  6.4487460e-001
  7.9800000e+000  5.0412870e-001
  7.9900000e+000  1.1549448e+000
  8.0000000e+000  7.0606772e-001
  8.0100000e+000  5.5551922e-001
  8.0200000e+000  6.4859671e-001
  8.0300000e+000  6.7053101e-001
  8.0400000e+000  7.7244304e-001
  8.0500000e+000  6.0502135e-001
  8.0600000e+000  3.7604935e-001
  8.0700000e+000  8.8168813e-001
  8.0800000e+000  4.6318501e-001
  8.0900000e+000  6.6179778e-001
  8.1000000e+000  7.3340109e-001
  8.1100000e+000  6.6897881e-001
  8.1200000e+000  5.9007844e-001
  8.1300000e+000  5.7123752e-001
  8.1400000e+000  9.9985809e-001
  8.1500000e+000  9.6540458e-001
  8.1600000e+000  6.0027015e-001
  8.1700000e+000  9.9197700e-001
  8.1800000e+000  7.8991466e-001
  8.1900000e+000  7.9252772e-001
  8.2000000e+000  7.5145914e-001
  8.2100000e+000  4.8412133e-001
  8.2200000e+000  8.2011221e-001
  8.2300000e+000  3.9558639e-001
  8.2400000e+000  9.1285918e-001
  8.2500000e+000  7.8092696e-001
  8.2600000e+000  7.6352851e-001
  8.2700000e+000  7.9130159e-001
  8.2800000e+000  6.8331828e-001
  8.2900000e+000  6.1590391e-001
  8.3000000e+000  7.4704887e-001
  8.3100000e+000  6.3178367e-001
  8.3200000e+000  9.1579112e-001
  8.3300000e+000  7.2359290e-001
  8.3400000e+000  1.1185369e+000
  8.3500000e+000  7.8722586e-001
  8.3600000e+000  5.9839610e-001
  8.3700000e+000  8.4646823e-001
  8.3800000e+000  6.5452511e-001
  8.3900000e+000  6.2080547e-001
  8.4000000e+000  1.0314607e+000
  8.4100000e+000  1.1217099e+000
  8.4200000e+000  4.6613923e-001
  8.4300000e+000  5.9840934e-001
  8.4400000e+000  6.0817627e-001
  8.4500000e+000  4.2679098e-001
  8.4600000e+000  1.1270373e+000
  8.4700000e+000  5.0649102e-001
  8.4800000e+000  9.1113560e-001
  8.4900000e+000  7.1892610e-001
  8.5000000e+000  5.1172216e-001
  8.5100000e+000  8.8585868e-001
  8.5200000e+000  5.9319089e-001
  8.5300000e+000  7.6626422e-001
  8.5400000e+000  5.6429800e-001
  8.5500000e+000  6.5813395e-001
  8.5600000e+000  3.9733457e-001
  8.5700000e+000  7.2774960e-001
  8.5800000e+000  7.3368394e-001
  8.5900000e+000  6.1372133e-001
  8.6000000e+000  8.5996451e-001
  8.6100000e+000  7.6441791e-001
  8.6200000e+000  7.6679327e-001
  8.6300000e+000  1.1121696e+000
  8.6400000e+000  7.8842320e-001
  8.6500000e+000  7.4309302e-001
  8.6600000e+000  6.0774880e-001
  8.6700000e+000  6.2196126e-001
  8.6800000e+000  9.5103022e-001
  8.6900000e+000  4.0728039e-001
  8.7000000e+000  6.3050844e-001
  8.7100000e+000  7.8429781e-001
  8.7200000e+000  7.2270108e-001
  8.7300000e+000  7.3908771e-001
  8.7400000e+000  6.2102412e-001
  8.7500000e+000  7.4808673e-001
  8.7600000e+000  4.3699642e-001
  8.7700000e+000  7.5710400e-001
  8.7800000e+000  4.4002333e-001
  8.7900000e+000  5.7784407e-001
  8.8000000e+000  6.4608175e-001
  8.8100000e+000  6.3666011e-001
  8.8200000e+000  7.4100167e-001
  8.8300000e+000  1.0094945e+000
  8.8400000e+000  4.8606579e-001
  8.8500000e+000  8.7310723e-001
  8.8600000e+000  4.6590285e-001
  8.8700000e+000  7.5479852e-001
  8.8800000e+000  9.5612588e-001
  8.8900000e+000  1.0264213e+000
  8.9000000e+000  1.0416263e+000
  8.9100000e+000  6.3135098e-001
  8.9200000e+000  3.6803163e-001
  8.9300000e+000  6.5818821e-001
  8.9400000e+000  7.0814833e-001
  8.9500000e+000  7.2789366e-001
  8.9600000e+000  6.0536312e-001
  8.9700000e+000  9.3588815e-001
  8.9800000e+000  6.3981307e-001
  8.9900000e+000  2.5448720e-001
  9.0000000e+000  9.3921167e-001
  9.0100000e+000  7.7945114e-001
  9.0200000e+000  6.6485610e-001
  9.0300000e+000  8.0489392e-001
  9.0400000e+000  5.5599502e-001
  9.0500000e+000  6.8515615e-001
  9.0600000e+000  7.8403746e-001
  9.0700000e+000  5.1231930e-001
  9.0800000e+000  3.6970273e-001
  9.0900000e+000  8.4221493e-001
  9.1000000e+000  1.1010025e+000
  9.1100000e+000  5.2652579e-001
  9.1200000e+000  8.6126420e-001
  9.1300000e+000  8.2016803e-001
  9.1400000e+000  6.9393637e-001
  9.1500000e+000  8.2407135e-001
  9.1600000e+000  6.2369063e-001
  9.1700000e+000  8.4642675e-001
  9.1800000e+000  7.9734035e-001
  9.1900000e+000  7.7588658e-001
  9.2000000e+000  8.0205689e-001
  9.2100000e+000  4.1024240e-001
  9.2200000e+000  7.0088866e-001
  9.2300000e+000  8.3627321e-001
  9.2400000e+000  9.1621092e-001
  9.2500000e+000  8.3569855e-001
  9.2600000e+000  5.8099945e-001
  9.2700000e+000  7.4690692e-001
  9.2800000e+000  4.0940913e-001
  9.2900000e+000  7.5592448e-001
  9.3000000e+000  4.8541355e-001
  9.3100000e+000  8.3996497e-001
  9.3200000e+000  4.5326041e-001
  9.3300000e+000  1.0917216e+000
  9.3400000e+000  7.0490227e-001
  9.3500000e+000  7.1793315e-001
  9.3600000e+000  7.8072972e-001
  9.3700000e+000  6.3484668e-001
  9.3800000e+000  1.0302904e+000
  9.3900000e+000  6.3462865e-001
  9.4000000e+000  6.0649208e-001
  9.4100000e+000  6.1197576e-001
  9.4200000e+000  7.8427020e-001
  9.4300000e+000  8.7054244e-001
  9.4400000e+000  7.6817028e-001
  9.4500000e+000  7.9479947e-001
  9.4600000e+000  4.4769980e-001
  9.4700000e+000  7.1140811e-001
  9.4800000e+000  6.3404932e-001
  9.4900000e+000  9.2853356e-001
  9.5000000e+000  5.0982027e-001
  9.5100000e+000  3.1964368e-001
  9.5200000e+000  7.1662099e-001
  9.5300000e+000  3.8409559e-001
  9.5400000e+000  7.0264174e-001
  9.5500000e+000  6.6049165e-001
  9.5600000e+000  8.1681403e-001
  9.5700000e+000  9.7742946e-001
  9.5800000e+000  7.0910157e-001
  9.5900000e+000  7.3773996e-001
  9.6000000e+000  7.3321384e-001
  9.6100000e+000  6.7001633e-001
  9.6200000e+000  9.1487465e-001
  9.6300000e+000  5.7840052e-001
  9.6400000e+000  7.8990750e-001
  9.6500000e+000  8.6046324e-001
  9.6600000e+000  1.0209007e+000
  9.6700000e+000  8.6114471e-001
  9.6800000e+000  7.3563174e-001
  9.6900000e+000  7.0396317e-001
  9.7000000e+000  5.0631886e-001
  9.7100000e+000  7.3634073e-001
  9.7200000e+000  7.4936348e-001
  9.7300000e+000  7.8698467e-001
  9.7400000e+000  1.1117227e+000
  9.7500000e+000  9.6835496e-001
  9.7600000e+000  1.0465894e+000
  9.7700000e+000  8.5110063e-001
  9.7800000e+000  6.4709313e-001
  9.7900000e+000  6.5733997e-001
  9.8000000e+000  6.9407419e-001
  9.8100000e+000  7.1586813e-001
  9.8200000e+000  1.1173872e+000
  9.8300000e+000  8.2144824e-001
  9.8400000e+000  5.2732664e-001
  9.8500000e+000  1.0384270e+000
  9.8600000e+000  5.3548915e-001
  9.8700000e+000  7.4416611e-001
  9.8800000e+000  6.8592765e-001
  9.8900000e+000  8.6885811e-001
  9.9000000e+000  7.1306338e-001
  9.9100000e+000  7.8500743e-001
  9.9200000e+000  7.4195265e-001
  9.9300000e+000  5.0239124e-001
  9.9400000e+000  9.5051421e-001
  9.9500000e+000  4.4230633e-001
  9.9600000e+000  3.5338899e-001
  9.9700000e+000  6.0385554e-001
  9.9800000e+000  1.0062888e+000
  9.9900000e+000  7.0096888e-001
  1.0000000e+001  6.9650144e-001
  1.0010000e+001  7.9658296e-001
  1.0020000e+001  8.0563407e-001
  1.0030000e+001  9.0779091e-001
  1.0040000e+001  1.1084263e+000
  1.0050000e+001  6.7052742e-001
  1.0060000e+001  8.5374428e-001
  1.0070000e+001  8.0337316e-001
  1.0080000e+001  9.5533921e-001
  1.0090000e+001  9.2982012e-001
  1.0100000e+001  1.0263185e+000
  1.0110000e+001  3.2039947e-001
  1.0120000e+001  5.6233274e-001
  1.0130000e+001  8.2339154e-001
  1.0140000e+001  9.4911558e-001
  1.0150000e+001  6.0440275e-001
  1.0160000e+001  5.8379522e-001
  1.0170000e+001  7.4909097e-001
  1.0180000e+001  7.3246666e-001
  1.0190000e+001  9.1248991e-001
  1.0200000e+001  6.2496652e-001
  1.0210000e+001  1.0774475e+000
  1.0220000e+001  4.4153536e-001
  1.0230000e+001  7.2501230e-001
  1.0240000e+001  6.8086484e-001
  1.0250000e+001  8.9548121e-001
  1.0260000e+001  6.7034214e-001
  1.0270000e+001  7.9706792e-001
  1.0280000e+001  9.9451041e-001
  1.0290000e+001  5.7654620e-001
  1.0300000e+001  8.1423108e-001
  1.0310000e+001  8.0994508e-001
  1.0320000e+001  8.1376048e-001
  1.0330000e+001  9.9125273e-001
  1.0340000e+001  1.1189339e+000
  1.0350000e+001  7.8571355e-001
  1.0360000e+001  3.7240051e-001
  1.0370000e+001  1.1068672e+000
  1.0380000e+001  1.0688483e+000
  1.0390000e+001  1.0323974e+000
  1.0400000e+001  6.6386550e-001
  1.0410000e+001  6.3638075e-001
  1.0420000e+001  3.3414667e-001
  1.0430000e+001  6.5817525e-001
  1.0440000e+001  4.1072463e-001
  1.0450000e+001  8.4034451e-001
  1.0460000e+001  9.1631427e-001
  1.0470000e+001  9.2405040e-001
  1.0480000e+001  4.9543839e-001
  1.0490000e+001  1.2158103e+000
  1.0500000e+001  6.1025527e-001
  1.0510000e+001  1.0526283e+000
  1.0520000e+001  8.0452567e-001
  1.0530000e+001  5.9762977e-001
  1.0540000e+001  8.7950848e-001
  1.0550000e+001  6.9311543e-001
  1.0560000e+001  8.4986234e-001
  1.0570000e+001  1.1427755e+000
  1.0580000e+001  9.9195664e-001
  1.0590000e+001  8.8080414e-001
  1.0600000e+001  3.6104225e-001
  1.0610000e+001  4.2666996e-001
  1.0620000e+001  8.8294981e-001
  1.0630000e+001  1.1578542e+000
  1.0640000e+001  9.0335607e-001
  1.0650000e+001  1.0455266e+000
  1.0660000e+001  7.0923910e-001
  1.0670000e+001  6.0820221e-001
  1.0680000e+001  5.5737562e-001
  1.0690000e+001  9.3040111e-001
  1.0700000e+001  8.2140523e-001
  1.0710000e+001  3.2068070e-001
  1.0720000e+001  6.9482839e-001
  1.0730000e+001  7.8267900e-001
  1.0740000e+001  7.6011531e-001
  1.0750000e+001  6.0492026e-002
  1.0760000e+001  2.9904626e-001
  1.0770000e+001  9.7385268e-001
  1.0780000e+001  5.9884676e-001
  1.0790000e+001  7.8830652e-001
  1.0800000e+001  6.9107212e-001
  1.0810000e+001  1.0356074e+000
  1.0820000e+001  8.1050315e-001
  1.0830000e+001  8.7969049e-001
  1.0840000e+001  7.2261952e-001
  1.0850000e+001  9.3694782e-001
  1.0860000e+001  5.9793112e-001
  1.0870000e+001  6.8641948e-001
  1.0880000e+001  7.9328073e-001
  1.0890000e+001  7.9339345e-001
  1.0900000e+001  4.5920252e-001
  1.0910000e+001  7.3678785e-001
  1.0920000e+001  6.0752567e-001
  1.0930000e+001  8.1213166e-001
  1.0940000e+001  6.3711889e-001
  1.0950000e+001  8.9248966e-001
  1.0960000e+001  5.5745225e-001
  1.0970000e+001  1.0998987e+000
  1.0980000e+001  8.6552121e-001
  1.0990000e+001  6.5477859e-001
  1.1000000e+001  9.2965873e-001
  1.1010000e+001  1.1480020e+000
  1.1020000e+001  9.3184409e-001
  1.1030000e+001  7.7624040e-001
  1.1040000e+001  9.7440882e-001
  1.1050000e+001  4.2032721e-001
  1.1060000e+001  9.4458052e-001
  1.1070000e+001  8.3707756e-001
  1.1080000e+001  7.5180247e-001
  1.1090000e+001  3.9457020e-001
  1.1100000e+001  1.1379192e+000
  1.1110000e+001  6.9946730e-001
  1.1120000e+001  9.4772984e-001
  1.1130000e+001  7.1910701e-001
  1.1140000e+001  5.1312786e-001
  1.1150000e+001  6.8850041e-001
  1.1160000e+001  9.5111326e-001
  1.1170000e+001  7.1287697e-001
  1.1180000e+001  8.3472399e-001
  1.1190000e+001  6.8115956e-001
  1.1200000e+001  7.1483046e-001
  1.1210000e+001  8.7046470e-001
  1.1220000e+001  4.6803338e-001
  1.1230000e+001  5.9592324e-001
  1.1240000e+001  8.1818670e-001
  1.1250000e+001  5.2287217e-001
  1.1260000e+001  1.0175625e+000
  1.1270000e+001  8.1243821e-001
  1.1280000e+001  4.5818397e-001
  1.1290000e+001  1.1207162e+000
  1.1300000e+001  5.4763159e-001
  1.1310000e+001  1.0470853e+000
  1.1320000e+001  8.8172417e-001
  1.1330000e+001  1.0374215e+000
  1.1340000e+001  8.6880909e-001
  1.1350000e+001  6.4419147e-001
  1.1360000e+001  8.4068529e-001
  1.1370000e+001  1.2345997e+000
  1.1380000e+001  1.0068613e+000
  1.1390000e+001  9.8649166e-001
  1.1400000e+001  8.3555685e-001
  1.1410000e+001  9.1995081e-001
  1.1420000e+001  6.2850888e-001
  1.1430000e+001  1.1166713e+000
  1.1440000e+001  8.9547112e-001
  1.1450000e+001  9.2782137e-001
  1.1460000e+001  7.4505434e-001
  1.1470000e+001  9.9043959e-001
  1.1480000e+001  6.0933672e-001
  1.1490000e+001  8.9631332e-001
  1.1500000e+001  8.7961978e-001
  1.1510000e+001  7.0001063e-001
  1.1520000e+001  3.4894037e-001
  1.1530000e+001  7.3683747e-001
  1.1540000e+001  4.8612445e-001
  1.1550000e+001  9.6125443e-001
  1.1560000e+001  4.5579254e-001
  1.1570000e+001  1.0763646e+000
  1.1580000e+001  8.2907789e-001
  1.1590000e+001  1.1498306e+000
  1.1600000e+001  8.4975667e-001
  1.1610000e+001  7.9283681e-001
  1.1620000e+001  9.9839846e-001
  1.1630000e+001  4.2013389e-001
  1.1640000e+001  5.4947790e-001
  1.1650000e+001  6.3989936e-001
  1.1660000e+001  4.9600847e-001
  1.1670000e+001  7.6717762e-001
  1.1680000e+001  1.1954807e+000
  1.1690000e+001  7.8476149e-001
  1.1700000e+001  8.4387585e-001
  1.1710000e+001  8.1280661e-001
  1.1720000e+001  1.2061708e+000
  1.1730000e+001  5.9718879e-001
  1.1740000e+001  9.1403412e-001
  1.1750000e+001  4.3478552e-001
  1.1760000e+001  8.7823021e-001
  1.1770000e+001  9.5544459e-001
  1.1780000e+001  6.5075349e-001
  1.1790000e+001  4.8185966e-001
  1.1800000e+001  8.9984390e-001
  1.1810000e+001  8.0897780e-001
  1.1820000e+001  6.5310791e-001
  1.1830000e+001  6.8874579e-001
  1.1840000e+001  7.3973970e-001
  1.1850000e+001  8.3337101e-001
  1.1860000e+001  7.8124176e-001
  1.1870000e+001  9.5860414e-001
  1.1880000e+001  7.2278934e-001
  1.1890000e+001  1.0187323e+000
  1.1900000e+001  8.6312277e-001
  1.1910000e+001  7.6064509e-001
  1.1920000e+001  7.9695445e-001
  1.1930000e+001  1.1215013e+000
  1.1940000e+001  9.7172057e-001
  1.1950000e+001  8.3056235e-001
  1.1960000e+001  6.2548809e-001
  1.1970000e+001  5.0930778e-001
  1.1980000e+001  5.6427171e-001
  1.1990000e+001  8.1322021e-001
  1.2000000e+001  5.3632690e-001
  1.2010000e+001  8.3088721e-001
  1.2020000e+001  9.4138573e-001
  1.2030000e+001  6.2049015e-001
  1.2040000e+001  5.7749055e-001
  1.2050000e+001  9.3218789e-001
  1.2060000e+001  4.9228338e-001
  1.2070000e+001  4.5349715e-001
  1.2080000e+001  8.8422097e-001
  1.2090000e+001  5.5622085e-001
  1.2100000e+001  9.9477079e-001
  1.2110000e+001  7.3867325e-001
  1.2120000e+001  8.0967092e-001
  1.2130000e+001  1.0383138e+000
  1.2140000e+001  4.7930169e-001
  1.2150000e+001  7.6314531e-001
  1.2160000e+001  9.6195155e-001
  1.2170000e+001  9.2159668e-001
  1.2180000e+001  5.4935413e-001
  1.2190000e+001  2.7344647e-001
  1.2200000e+001  9.3353840e-001
  1.2210000e+001  4.7562205e-001
  1.2220000e+001  3.9143160e-001
  1.2230000e+001  5.4783819e-001
  1.2240000e+001  5.1944989e-001
  1.2250000e+001  8.3060001e-001
  1.2260000e+001  6.7826189e-001
  1.2270000e+001  5.2010519e-001
  1.2280000e+001  7.8337809e-001
  1.2290000e+001  9.1648912e-001
  1.2300000e+001  8.9437316e-001
  1.2310000e+001  8.5878355e-001
  1.2320000e+001  6.7166115e-001
  1.2330000e+001  7.0334064e-001
  1.2340000e+001  7.0742279e-001
  1.2350000e+001  8.0794200e-001
  1.2360000e+001  5.6015829e-001
  1.2370000e+001  9.3297060e-001
  1.2380000e+001  5.7069317e-001
  1.2390000e+001  8.5068723e-001
  1.2400000e+001  7.9924939e-001
  1.2410000e+001  3.8980262e-001
  1.2420000e+001  9.0858844e-001
  1.2430000e+001  8.6196048e-001
  1.2440000e+001  8.0522945e-001
  1.2450000e+001  1.0297202e+000
  1.2460000e+001  4.9978245e-001
  1.2470000e+001  7.2978994e-001
  1.2480000e+001  8.2111990e-001
  1.2490000e+001  4.7857080e-001
  1.2500000e+001  8.6086383e-001
