  0.0000000e+000  6.1479236e-002
  1.0000000e-002 -3.4441423e-001
  2.0000000e-002  1.0269434e-001
  3.0000000e-002 -1.0642536e-001
  4.0000000e-002 -1.1156325e-001
  5.0000000e-002  4.8823700e-002
  6.0000000e-002 -1.1439938e-001
  7.0000000e-002  9.9070524e-003
  8.0000000e-002 -2.5305550e-001
  9.0000000e-002 -6.3033392e-002
  1.0000000e-001  2.1203303e-001
  1.1000000e-001 -3.8886641e-001
  1.2000000e-001  7.1374892e-002
  1.3000000e-001 -3.1768868e-001
  1.4000000e-001  1.5403313e-001
  1.5000000e-001  1.4966243e-002
  1.6000000e-001 -2.5138958e-001
  1.7000000e-001  3.7284376e-002
  1.8000000e-001 -1.2608132e-001
  1.9000000e-001  8.6316008e-002
  2.0000000e-001 -3.7240128e-001
  2.1000000e-001  2.7153695e-001
  2.2000000e-001  2.8514624e-001
  2.3000000e-001  1.0790986e-001
  2.4000000e-001 -1.4028736e-001
  2.5000000e-001 -8.3253755e-002
  2.6000000e-001  1.4694283e-001
  2.7000000e-001  1.9119904e-001
  2.8000000e-001 -2.5935087e-001
  2.9000000e-001 -1.1198922e-001
  3.0000000e-001 -1.6128422e-001
  3.1000000e-001  2.9816521e-001
  3.2000000e-001 -2.6206643e-001
  3.3000000e-001 -4.9963763e-002
  3.4000000e-001  5.6656649e-002
  3.5000000e-001 -1.4392285e-001
  3.6000000e-001 -9.8463287e-002
  3.7000000e-001 -2.1623832e-001
  3.8000000e-001 -3.6566687e-001
  3.9000000e-001 -3.3134010e-001
  4.0000000e-001 -4.0486630e-001
  4.1000000e-001 -2.1511986e-001
  4.2000000e-001  2.9592660e-001
  4.3000000e-001  8.4143578e-002
  4.4000000e-001 -5.2870720e-001
  4.5000000e-001 -1.3160271e-002
  4.6000000e-001  7.8289452e-002
  4.7000000e-001 -1.5020781e-001
  4.8000000e-001 -3.3499227e-001
  4.9000000e-001 -5.4737253e-001
  5.0000000e-001 -9.2235257e-002
  5.1000000e-001 -2.2090937e-001
  5.2000000e-001 -2.9568463e-001
  5.3000000e-001 -5.2590996e-001
  5.4000000e-001 -2.0515175e-001
  5.5000000e-001 -2.8631778e-001
  5.6000000e-001 -1.8540366e-001
  5.7000000e-001 -1.4390525e-001
  5.8000000e-001 -3.9812311e-001
  5.9000000e-001 -4.6895577e-001
  6.0000000e-001 -5.5791403e-001
  6.1000000e-001 -1.2106504e-001
  6.2000000e-001 -4.8829957e-001
  6.3000000e-001 -3.1591515e-002
  6.4000000e-001 -9.8251257e-002
  6.5000000e-001 -4.2523562e-001
  6.6000000e-001 -5.0338332e-001
  6.7000000e-001 -2.1798113e-001
  6.8000000e-001 -2.1621378e-001
  6.9000000e-001 -2.9905509e-001
  7.0000000e-001 -4.9898821e-001
  7.1000000e-001  1.3940729e-001
  7.2000000e-001 -1.2286204e-001
  7.3000000e-001 -5.6965422e-001
  7.4000000e-001 -2.9101860e-001
  7.5000000e-001  1.6717263e-001
  7.6000000e-001  1.8590432e-001
  7.7000000e-001 -2.8017961e-001
  7.8000000e-001 -1.5699829e-001
  7.9000000e-001 -9.0886759e-003
  8.0000000e-001 -4.0835077e-001
  8.1000000e-001 -1.6314694e-001
  8.2000000e-001 -1.9940154e-001
  8.3000000e-001 -4.4342136e-001
  8.4000000e-001 -1.5281444e-001
  8.5000000e-001 -2.0584857e-001
  8.6000000e-001 -2.1501841e-001
  8.7000000e-001 -1.1229421e-001
  8.8000000e-001 -3.2921498e-001
  8.9000000e-001 -1.7789189e-001
  9.0000000e-001 -1.9353949e-001
  9.1000000e-001 -2.0511089e-001
  9.2000000e-001 -7.4885556e-002
  9.3000000e-001 -4.9455234e-002
  9.4000000e-001  1.4880935e-001
  9.5000000e-001 -1.1931560e-001
  9.6000000e-001 -3.2580443e-001
  9.7000000e-001 -3.2652318e-001
  9.8000000e-001 -8.7229563e-002
  9.9000000e-001 -1.5809953e-001
  1.0000000e+000 -5.7269763e-002
  1.0100000e+000 -5.2781771e-001
  1.0200000e+000 -1.8589992e-001
  1.0300000e+000 -1.0462692e-001
  1.0400000e+000 -2.7455573e-001
  1.0500000e+000 -2.3269471e-001
  1.0600000e+000 -4.3971459e-001
  1.0700000e+000 -5.4962444e-002
  1.0800000e+000  5.6068712e-002
  1.0900000e+000 -2.7236466e-001
  1.1000000e+000 -2.5458197e-001
  1.1100000e+000 -1.7144131e-001
  1.1200000e+000  8.2351843e-002
  1.1300000e+000  1.2089923e-001
  1.1400000e+000 -6.4149443e-002
  1.1500000e+000  2.4454453e-002
  1.1600000e+000  3.3788994e-001
  1.1700000e+000  2.0667963e-002
  1.1800000e+000 -1.6070288e-001
  1.1900000e+000 -2.1934808e-001
  1.2000000e+000 -7.3495298e-002
  1.2100000e+000 -1.2892651e-001
  1.2200000e+000 -2.9033262e-001
  1.2300000e+000  3.0456295e-002
  1.2400000e+000 -2.9503188e-001
  1.2500000e+000 -9.2308486e-002
  1.2600000e+000  1.3486100e-001
  1.2700000e+000  1.7537527e-002
  1.2800000e+000 -1.4451755e-001
  1.2900000e+000  3.3653146e-001
  1.3000000e+000 -1.0047625e-001
  1.3100000e+000 -1.4284996e-001
  1.3200000e+000 -1.6840664e-001
  1.3300000e+000 -2.6420704e-001
  1.3400000e+000 -2.1968589e-001
  1.3500000e+000  3.9084523e-002
  1.3600000e+000 -1.2190409e-001
  1.3700000e+000 -1.2730725e-001
  1.3800000e+000 -3.0409120e-001
  1.3900000e+000  3.1140044e-001
  1.4000000e+000 -2.3133437e-001
  1.4100000e+000 -4.1190829e-001
  1.4200000e+000  4.3211552e-002
  1.4300000e+000  4.5602976e-002
  1.4400000e+000 -1.8157785e-001
  1.4500000e+000  3.9038880e-002
  1.4600000e+000  6.6398466e-002
  1.4700000e+000  1.1330343e-001
  1.4800000e+000  3.3358150e-001
  1.4900000e+000  2.5209404e-001
  1.5000000e+000 -4.7045563e-002
  1.5100000e+000  1.0818755e-001
  1.5200000e+000  1.6040916e-001
  1.5300000e+000 -2.6019495e-002
  1.5400000e+000  1.8341671e-001
  1.5500000e+000  7.0788235e-002
  1.5600000e+000  1.2432535e-001
  1.5700000e+000  3.1868679e-001
  1.5800000e+000 -3.0050211e-001
  1.5900000e+000  3.5011885e-002
  1.6000000e+000 -4.4201652e-002
  1.6100000e+000  1.5879126e-001
  1.6200000e+000  2.7755017e-001
  1.6300000e+000 -7.2971934e-002
  1.6400000e+000  8.2851703e-002
  1.6500000e+000  5.3243615e-002
  1.6600000e+000  4.9821375e-001
  1.6700000e+000  1.4378574e-001
  1.6800000e+000 -2.3308905e-001
  1.6900000e+000 -7.5193679e-003
  1.7000000e+000  8.6681888e-002
  1.7100000e+000  3.7673749e-002
  1.7200000e+000  2.8048458e-001
  1.7300000e+000 -1.6286041e-001
  1.7400000e+000  4.4327931e-001
  1.7500000e+000  1.5065824e-001
  1.7600000e+000  6.2860916e-001
  1.7700000e+000  5.6548438e-001
  1.7800000e+000  3.3510849e-001
  1.7900000e+000 -5.8455969e-002
  1.8000000e+000  3.6397781e-001
  1.8100000e+000  6.1185543e-001
  1.8200000e+000  6.1181323e-002
  1.8300000e+000  2.4019778e-001
  1.8400000e+000  1.5422946e-001
  1.8500000e+000  7.8876643e-001
  1.8600000e+000  2.9067125e-001
  1.8700000e+000  2.6978735e-001
  1.8800000e+000 -1.1629452e-001
  1.8900000e+000  3.5711369e-001
  1.9000000e+000  1.1969541e-001
  1.9100000e+000 -2.7725681e-002
  1.9200000e+000  1.5400729e-002
  1.9300000e+000  5.0552628e-001
  1.9400000e+000  8.6085084e-001
  1.9500000e+000  2.1556443e-001
  1.9600000e+000  1.8700805e-001
  1.9700000e+000  2.1213282e-001
  1.9800000e+000  2.0558320e-001
  1.9900000e+000  2.0719079e-001
  2.0000000e+000  4.1115877e-001
  2.0100000e+000  5.3968195e-001
  2.0200000e+000  3.5432842e-001
  2.0300000e+000  4.2923328e-001
  2.0400000e+000  1.4358286e-001
  2.0500000e+000  2.0437709e-001
  2.0600000e+000  2.6654782e-001
  2.0700000e+000  4.4688250e-001
  2.0800000e+000  8.4724752e-001
  2.0900000e+000  4.7038120e-001
  2.1000000e+000  5.6714623e-001
  2.1100000e+000  2.1552758e-001
  2.1200000e+000  3.9432116e-001
  2.1300000e+000  2.7386286e-001
  2.1400000e+000  1.4709776e-001
  2.1500000e+000  4.4505794e-001
  2.1600000e+000  3.7794769e-001
  2.1700000e+000  2.7321564e-001
  2.1800000e+000  6.3237935e-001
  2.1900000e+000  3.6774028e-001
  2.2000000e+000  3.6093324e-001
  2.2100000e+000  6.5768919e-001
  2.2200000e+000  3.6327977e-001
  2.2300000e+000  4.1911384e-001
  2.2400000e+000  4.3319550e-001
  2.2500000e+000  1.2953696e-001
  2.2600000e+000  2.7568314e-001
  2.2700000e+000  7.4243876e-001
  2.2800000e+000  2.3916724e-001
  2.2900000e+000 -9.6584379e-003
  2.3000000e+000  5.3338426e-001
  2.3100000e+000  2.8096300e-001
  2.3200000e+000  3.4976035e-001
  2.3300000e+000  6.9569442e-001
  2.3400000e+000  6.8685050e-001
  2.3500000e+000  5.5408452e-001
  2.3600000e+000  4.2873461e-001
  2.3700000e+000  6.8709880e-001
  2.3800000e+000  5.8353923e-001
  2.3900000e+000  5.5363201e-001
  2.4000000e+000  2.3069514e-001
  2.4100000e+000  3.8462207e-001
  2.4200000e+000  8.0678950e-001
  2.4300000e+000  6.5673617e-001
  2.4400000e+000  5.5982420e-001
  2.4500000e+000  7.6033122e-001
  2.4600000e+000  6.1942454e-001
  2.4700000e+000  9.7111308e-001
  2.4800000e+000  5.4080252e-001
  2.4900000e+000  1.4685350e-001
  2.5000000e+000  4.8910849e-001
  2.5100000e+000  5.6373894e-001
  2.5200000e+000  5.5745794e-001
  2.5300000e+000  8.0344938e-001
  2.5400000e+000  5.6326562e-001
  2.5500000e+000  8.6063706e-001
  2.5600000e+000  5.6030260e-001
  2.5700000e+000  8.4440432e-001
  2.5800000e+000  1.0665178e+000
  2.5900000e+000  5.8609689e-001
  2.6000000e+000  5.5738133e-001
  2.6100000e+000  1.4703227e-001
  2.6200000e+000  6.1938515e-001
  2.6300000e+000  1.0048295e+000
  2.6400000e+000  5.0710666e-001
  2.6500000e+000  4.8043607e-001
  2.6600000e+000  4.0573052e-001
  2.6700000e+000  5.2688804e-001
  2.6800000e+000  6.2162980e-001
  2.6900000e+000  5.4628978e-001
  2.7000000e+000  5.9502239e-001
  2.7100000e+000  7.2760659e-001
  2.7200000e+000  5.3714371e-001
  2.7300000e+000  7.4014761e-001
  2.7400000e+000  4.6327228e-001
  2.7500000e+000  9.6005841e-001
  2.7600000e+000  5.7977456e-001
  2.7700000e+000  4.5870984e-001
  2.7800000e+000  5.3791321e-001
  2.7900000e+000  7.3285698e-001
  2.8000000e+000  7.6204323e-001
  2.8100000e+000  5.0127165e-001
  2.8200000e+000  4.1797507e-001
  2.8300000e+000  7.7024694e-001
  2.8400000e+000  9.6838323e-001
  2.8500000e+000  6.1341515e-001
  2.8600000e+000  5.7082177e-001
  2.8700000e+000  7.8640198e-001
  2.8800000e+000  6.4542025e-001
  2.8900000e+000  7.6790785e-001
  2.9000000e+000  4.3171293e-001
  2.9100000e+000  6.2072172e-001
  2.9200000e+000  7.6671172e-001
  2.9300000e+000  7.6914366e-001
  2.9400000e+000  4.8962202e-001
  2.9500000e+000  9.1337280e-001
  2.9600000e+000  1.2052452e+000
  2.9700000e+000  5.7193619e-001
  2.9800000e+000  3.8001571e-001
  2.9900000e+000  5.1810899e-001
  3.0000000e+000  8.7594114e-001
  3.0100000e+000  7.9738926e-001
  3.0200000e+000  8.5847929e-001
  3.0300000e+000  6.8498960e-001
  3.0400000e+000  2.9331702e-001
  3.0500000e+000  8.5036062e-001
  3.0600000e+000  7.4640308e-001
  3.0700000e+000  3.0272969e-001
  3.0800000e+000  5.5167238e-001
  3.0900000e+000  1.1007623e+000
  3.1000000e+000  8.7866004e-001
  3.1100000e+000  4.0014371e-001
  3.1200000e+000  5.8661073e-001
  3.1300000e+000  7.8730951e-001
  3.1400000e+000  8.7322113e-001
  3.1500000e+000  8.9115104e-001
  3.1600000e+000  9.3958682e-001
  3.1700000e+000  1.0299852e+000
  3.1800000e+000  5.7693333e-001
  3.1900000e+000  1.1654058e+000
  3.2000000e+000  8.6457808e-001
  3.2100000e+000  1.0559891e+000
  3.2200000e+000  4.9251157e-001
  3.2300000e+000  1.0504341e+000
  3.2400000e+000  8.2157972e-001
  3.2500000e+000  7.4502101e-001
  3.2600000e+000  1.0444975e+000
  3.2700000e+000  9.5550049e-001
  3.2800000e+000  1.0917962e+000
  3.2900000e+000  1.1663263e+000
  3.3000000e+000  8.6012250e-001
  3.3100000e+000  7.7674784e-001
  3.3200000e+000  6.8614434e-001
  3.3300000e+000  9.3977421e-001
  3.3400000e+000  9.0926827e-001
  3.3500000e+000  1.0172074e+000
  3.3600000e+000  8.5034907e-001
  3.3700000e+000  1.0487189e+000
  3.3800000e+000  1.2339841e+000
  3.3900000e+000  6.9549010e-001
  3.4000000e+000  8.7839985e-001
  3.4100000e+000  7.2277101e-001
  3.4200000e+000  1.0758159e+000
  3.4300000e+000  9.7118209e-001
  3.4400000e+000  1.3994235e+000
  3.4500000e+000  8.1300034e-001
  3.4600000e+000  9.8684957e-001
  3.4700000e+000  8.8203168e-001
  3.4800000e+000  1.0538693e+000
  3.4900000e+000  7.3232463e-001
  3.5000000e+000  8.0315013e-001
  3.5100000e+000  9.7355605e-001
  3.5200000e+000  9.1927027e-001
  3.5300000e+000  1.3592740e+000
  3.5400000e+000  1.2431213e+000
  3.5500000e+000  1.0963892e+000
  3.5600000e+000  8.1698115e-001
  3.5700000e+000  9.5714769e-001
  3.5800000e+000  9.8229273e-001
  3.5900000e+000  1.2613741e+000
  3.6000000e+000  6.8307480e-001
  3.6100000e+000  9.4543255e-001
  3.6200000e+000  1.1573091e+000
  3.6300000e+000  7.0430259e-001
  3.6400000e+000  5.1522394e-001
  3.6500000e+000  8.4319248e-001
  3.6600000e+000  9.3574147e-001
  3.6700000e+000  1.0271469e+000
  3.6800000e+000  1.0541370e+000
  3.6900000e+000  1.2182431e+000
  3.7000000e+000  6.8656723e-001
  3.7100000e+000  8.9941593e-001
  3.7200000e+000  1.0252297e+000
  3.7300000e+000  6.8911100e-001
  3.7400000e+000  9.2805280e-001
  3.7500000e+000  9.8280526e-001
  3.7600000e+000  9.9550015e-001
  3.7700000e+000  1.0345107e+000
  3.7800000e+000  8.6090064e-001
  3.7900000e+000  1.0201390e+000
  3.8000000e+000  1.0145343e+000
  3.8100000e+000  9.8323023e-001
  3.8200000e+000  9.4047307e-001
  3.8300000e+000  7.8561241e-001
  3.8400000e+000  8.4056349e-001
  3.8500000e+000  5.4418139e-001
  3.8600000e+000  8.3640751e-001
  3.8700000e+000  5.0548779e-001
  3.8800000e+000  8.0215686e-001
  3.8900000e+000  8.8396832e-001
  3.9000000e+000  4.7612890e-001
  3.9100000e+000  7.6617262e-001
  3.9200000e+000  7.9646996e-001
  3.9300000e+000  1.0028935e+000
  3.9400000e+000  8.5071281e-001
  3.9500000e+000  8.1113531e-001
  3.9600000e+000  1.0654164e+000
  3.9700000e+000  8.5911760e-001
  3.9800000e+000  1.0228783e+000
  3.9900000e+000  8.3999252e-001
  4.0000000e+000  1.2728404e+000
  4.0100000e+000  6.9233674e-001
  4.0200000e+000  6.7791049e-001
  4.0300000e+000  1.0969155e+000
  4.0400000e+000  9.9417253e-001
  4.0500000e+000  5.9658743e-001
  4.0600000e+000  9.0206520e-001
  4.0700000e+000  1.2161500e+000
  4.0800000e+000  7.5951626e-001
  4.0900000e+000  6.4122554e-001
  4.1000000e+000  9.0337011e-001
  4.1100000e+000  8.5653354e-001
  4.1200000e+000  7.8502545e-001
  4.1300000e+000  8.7581838e-001
  4.1400000e+000  8.4516666e-001
  4.1500000e+000  9.9858052e-001
  4.1600000e+000  9.9056489e-001
  4.1700000e+000  9.3407298e-001
  4.1800000e+000  1.3039088e+000
  4.1900000e+000  7.8290859e-001
  4.2000000e+000  7.9410718e-001
  4.2100000e+000  1.3148819e+000
  4.2200000e+000  9.2327239e-001
  4.2300000e+000  6.9127812e-001
  4.2400000e+000  8.9935599e-001
  4.2500000e+000  1.2865018e+000
  4.2600000e+000  1.1342156e+000
  4.2700000e+000  1.1018726e+000
  4.2800000e+000  1.0248983e+000
  4.2900000e+000  6.0437257e-001
  4.3000000e+000  9.2236193e-001
  4.3100000e+000  8.1606963e-001
  4.3200000e+000  1.0248600e+000
  4.3300000e+000  1.0537063e+000
  4.3400000e+000  7.5893101e-001
  4.3500000e+000  9.8645878e-001
  4.3600000e+000  9.8184795e-001
  4.3700000e+000  9.2213899e-001
  4.3800000e+000  1.0282516e+000
  4.3900000e+000  5.7449876e-001
  4.4000000e+000  7.5996085e-001
  4.4100000e+000  7.3201542e-001
  4.4200000e+000  8.8890361e-001
  4.4300000e+000  1.3069370e+000
  4.4400000e+000  1.0028179e+000
  4.4500000e+000  4.7545737e-001
  4.4600000e+000  9.6244877e-001
  4.4700000e+000  9.2846056e-001
  4.4800000e+000  8.8506521e-001
  4.4900000e+000  1.0614651e+000
  4.5000000e+000  8.0097007e-001
  4.5100000e+000  9.3344661e-001
  4.5200000e+000  8.9609124e-001
  4.5300000e+000  1.0545401e+000
  4.5400000e+000  1.1523202e+000
  4.5500000e+000  9.1092305e-001
  4.5600000e+000  8.7484103e-001
  4.5700000e+000  7.0900909e-001
  4.5800000e+000  9.8213983e-001
  4.5900000e+000  1.1929404e+000
  4.6000000e+000  9.1205704e-001
  4.6100000e+000  6.6502025e-001
  4.6200000e+000  1.0416127e+000
  4.6300000e+000  1.0775166e+000
  4.6400000e+000  6.5003172e-001
  4.6500000e+000  1.2504381e+000
  4.6600000e+000  1.0471210e+000
  4.6700000e+000  1.1290112e+000
  4.6800000e+000  6.6012753e-001
  4.6900000e+000  8.2026806e-001
  4.7000000e+000  6.1319134e-001
  4.7100000e+000  6.9710086e-001
  4.7200000e+000  7.1328534e-001
  4.7300000e+000  6.5555182e-001
  4.7400000e+000  7.0787779e-001
  4.7500000e+000  1.1697466e+000
  4.7600000e+000  1.0385099e+000
  4.7700000e+000  8.8786282e-001
  4.7800000e+000  9.6200532e-001
  4.7900000e+000  8.6389804e-001
  4.8000000e+000  8.0931117e-001
  4.8100000e+000  9.7615232e-001
  4.8200000e+000  7.6979295e-001
  4.8300000e+000  9.3610880e-001
  4.8400000e+000  1.0197475e+000
  4.8500000e+000  4.6802198e-001
  4.8600000e+000  8.3769813e-001
  4.8700000e+000  9.3645766e-001
  4.8800000e+000  1.3578145e+000
  4.8900000e+000  8.9606991e-001
  4.9000000e+000  1.1721068e+000
  4.9100000e+000  7.5201594e-001
  4.9200000e+000  1.0118497e+000
  4.9300000e+000  9.7915134e-001
  4.9400000e+000  9.9458314e-001
  4.9500000e+000  1.0158543e+000
  4.9600000e+000  7.3600056e-001
  4.9700000e+000  8.8865759e-001
  4.9800000e+000  8.8379488e-001
  4.9900000e+000  7.5548466e-001
  5.0000000e+000  9.8829939e-001
  5.0100000e+000  8.1777006e-001
  5.0200000e+000  1.0294626e+000
  5.0300000e+000  8.1413585e-001
  5.0400000e+000  7.9546301e-001
  5.0500000e+000  7.0382284e-001
  5.0600000e+000  8.7353039e-001
  5.0700000e+000  8.1167680e-001
  5.0800000e+000  8.4393241e-001
  5.0900000e+000  8.4042451e-001
  5.1000000e+000  5.8976628e-001
  5.1100000e+000  8.7968771e-001
  5.1200000e+000  9.1260709e-001
  5.1300000e+000  8.2067765e-001
  5.1400000e+000  8.1022295e-001
  5.1500000e+000  6.3686782e-001
  5.1600000e+000  7.1811586e-001
  5.1700000e+000  9.7975196e-001
  5.1800000e+000  1.0009484e+000
  5.1900000e+000  8.7799849e-001
  5.2000000e+000  9.2323234e-001
  5.2100000e+000  7.1522167e-001
  5.2200000e+000  6.5249894e-001
  5.2300000e+000  9.5419957e-001
  5.2400000e+000  7.1572232e-001
  5.2500000e+000  6.4849958e-001
  5.2600000e+000  9.3472027e-001
  5.2700000e+000  9.0034253e-001
  5.2800000e+000  9.4128714e-001
  5.2900000e+000  8.7505747e-001
  5.3000000e+000  6.9152827e-001
  5.3100000e+000  6.5186533e-001
  5.3200000e+000  9.0696106e-001
  5.3300000e+000  1.0890817e+000
  5.3400000e+000  9.1917634e-001
  5.3500000e+000  6.5160672e-001
  5.3600000e+000  5.7579054e-001
  5.3700000e+000  7.2719753e-001
  5.3800000e+000  1.0120465e+000
  5.3900000e+000  6.4353402e-001
  5.4000000e+000  8.8964855e-001
  5.4100000e+000  6.5152536e-001
  5.4200000e+000  8.7717152e-001
  5.4300000e+000  9.9572262e-001
  5.4400000e+000  8.0295321e-001
  5.4500000e+000  8.6116192e-001
  5.4600000e+000  9.6942189e-001
  5.4700000e+000  1.1068979e+000
  5.4800000e+000  9.3147421e-001
  5.4900000e+000  7.5837110e-001
  5.5000000e+000  9.5454095e-001
  5.5100000e+000  7.5545786e-001
  5.5200000e+000  9.4448143e-001
  5.5300000e+000  1.0127722e+000
  5.5400000e+000  9.1425101e-001
  5.5500000e+000  1.0930881e+000
  5.5600000e+000  7.6067155e-001
  5.5700000e+000  6.8548653e-001
  5.5800000e+000  6.5544348e-001
  5.5900000e+000  7.6957382e-001
  5.6000000e+000  8.4604582e-001
  5.6100000e+000  1.0044336e+000
  5.6200000e+000  9.0872361e-001
  5.6300000e+000  5.7891707e-001
  5.6400000e+000  6.4050252e-001
  5.6500000e+000  1.0437444e+000
  5.6600000e+000  6.9358451e-001
  5.6700000e+000  6.8295710e-001
  5.6800000e+000  1.1416544e+000
  5.6900000e+000  6.3703960e-001
  5.7000000e+000  9.8840922e-001
  5.7100000e+000  8.4454731e-001
  5.7200000e+000  8.1714376e-001
  5.7300000e+000  8.0674522e-001
  5.7400000e+000  7.9283838e-001
  5.7500000e+000  9.6947734e-001
  5.7600000e+000  7.7717263e-001
  5.7700000e+000  1.0570400e+000
  5.7800000e+000  7.6806202e-001
  5.7900000e+000  9.8430451e-001
  5.8000000e+000  8.2119114e-001
  5.8100000e+000  8.7426026e-001
  5.8200000e+000  9.9572330e-001
  5.8300000e+000  9.4118036e-001
  5.8400000e+000  6.5147592e-001
  5.8500000e+000  1.0595898e+000
  5.8600000e+000  5.1639544e-001
  5.8700000e+000  7.0839607e-001
  5.8800000e+000  1.1454892e+000
  5.8900000e+000  9.5703594e-001
  5.9000000e+000  9.5513695e-001
  5.9100000e+000  7.0495560e-001
  5.9200000e+000  9.1116268e-001
  5.9300000e+000  8.9566710e-001
  5.9400000e+000  8.4646697e-001
  5.9500000e+000  6.5633749e-001
  5.9600000e+000  6.6054456e-001
  5.9700000e+000  7.9299060e-001
  5.9800000e+000  6.9465431e-001
  5.9900000e+000  1.0882159e+000
  6.0000000e+000  8.1404011e-001
  6.0100000e+000  8.9610788e-001
  6.0200000e+000  8.4618919e-001
  6.0300000e+000  9.2161498e-001
  6.0400000e+000  9.4420101e-001
  6.0500000e+000  8.0075425e-001
  6.0600000e+000  1.1137182e+000
  6.0700000e+000  6.6384951e-001
  6.0800000e+000  6.6955124e-001
  6.0900000e+000  9.9380370e-001
  6.1000000e+000  6.7407133e-001
  6.1100000e+000  1.1653570e+000
  6.1200000e+000  8.0831121e-001
  6.1300000e+000  1.0417087e+000
  6.1400000e+000  9.2607350e-001
  6.1500000e+000  1.1840098e+000
  6.1600000e+000  5.7253805e-001
  6.1700000e+000  6.6770149e-001
  6.1800000e+000  1.0848659e+000
  6.1900000e+000  1.1903849e+000
  6.2000000e+000  1.1859389e+000
  6.2100000e+000  7.3071124e-001
  6.2200000e+000  4.0844876e-001
  6.2300000e+000  8.2930509e-001
  6.2400000e+000  4.9570584e-001
  6.2500000e+000  1.1261686e+000
  6.2600000e+000  8.2822244e-001
  6.2700000e+000  9.1287240e-001
  6.2800000e+000  6.4453104e-001
  6.2900000e+000  6.8221531e-001
  6.3000000e+000  8.6011722e-001
  6.3100000e+000  7.8478967e-001
  6.3200000e+000  1.2007471e+000
  6.3300000e+000  4.7016635e-001
  6.3400000e+000  9.8365791e-001
  6.3500000e+000  1.0266686e+000
  6.3600000e+000  6.5273195e-001
  6.3700000e+000  9.5337439e-001
  6.3800000e+000  3.7009098e-001
  6.3900000e+000  9.4239935e-001
  6.4000000e+000  8.0747471e-001
  6.4100000e+000  6.5523047e-001
  6.4200000e+000  7.5669531e-001
  6.4300000e+000  7.9457831e-001
  6.4400000e+000  4.9041079e-001
  6.4500000e+000  7.9722461e-001
  6.4600000e+000  8.6042252e-001
  6.4700000e+000  1.1152131e+000
  6.4800000e+000  6.8444429e-001
  6.4900000e+000  9.0808695e-001
  6.5000000e+000  1.0788305e+000
  6.5100000e+000  7.7126022e-001
  6.5200000e+000  9.2144038e-001
  6.5300000e+000  8.5094686e-001
  6.5400000e+000  8.5464204e-001
  6.5500000e+000  1.0121153e+000
  6.5600000e+000  6.4448678e-001
  6.5700000e+000  7.4689394e-001
  6.5800000e+000  8.8776213e-001
  6.5900000e+000  5.5799585e-001
  6.6000000e+000  8.5618309e-001
  6.6100000e+000  4.3135296e-001
  6.6200000e+000  9.4524529e-001
  6.6300000e+000  9.0452006e-001
  6.6400000e+000  4.0146802e-001
  6.6500000e+000  8.0728780e-001
  6.6600000e+000  9.7177595e-001
  6.6700000e+000  8.2384503e-001
  6.6800000e+000  7.0438219e-001
  6.6900000e+000  9.0740898e-001
  6.7000000e+000  5.2537230e-001
  6.7100000e+000  6.7725642e-001
  6.7200000e+000  7.4542290e-001
  6.7300000e+000  1.0582277e+000
  6.7400000e+000  9.7121011e-001
  6.7500000e+000  8.1501458e-001
  6.7600000e+000  8.7599931e-001
  6.7700000e+000  4.8846918e-001
  6.7800000e+000  6.9657582e-001
  6.7900000e+000  3.7368546e-001
  6.8000000e+000  9.5275333e-001
  6.8100000e+000  3.4996133e-001
  6.8200000e+000  8.3910235e-001
  6.8300000e+000  5.0234384e-001
  6.8400000e+000  9.6117696e-001
  6.8500000e+000  9.5146279e-001
  6.8600000e+000  9.5490885e-001
  6.8700000e+000  5.1089199e-001
  6.8800000e+000  8.5872323e-001
  6.8900000e+000  5.3660362e-001
  6.9000000e+000  7.2364839e-001
  6.9100000e+000  5.9119981e-001
  6.9200000e+000  6.7775406e-001
  6.9300000e+000  6.6243530e-001
  6.9400000e+000  7.5871116e-001
  6.9500000e+000  8.7493708e-001
  6.9600000e+000  8.8375702e-001
  6.9700000e+000  6.4561565e-001
  6.9800000e+000  7.8070698e-001
  6.9900000e+000  4.1444339e-001
  7.0000000e+000  8.9396178e-001
  7.0100000e+000  7.2496713e-001
  7.0200000e+000  9.7979811e-001
  7.0300000e+000  7.7337835e-001
  7.0400000e+000  7.0244655e-001
  7.0500000e+000  9.1178068e-001
  7.0600000e+000  6.4185280e-001
  7.0700000e+000  7.7021024e-001
  7.0800000e+000  1.0932325e+000
  7.0900000e+000  8.1040812e-001
  7.1000000e+000  5.1490552e-001
  7.1100000e+000  9.8298818e-001
  7.1200000e+000  8.2397774e-001
  7.1300000e+000  5.1770385e-001
  7.1400000e+000  7.7098036e-001
  7.1500000e+000  8.2459769e-001
  7.1600000e+000  3.5417002e-001
  7.1700000e+000  6.6238518e-001
  7.1800000e+000  6.6393097e-001
  7.1900000e+000  3.3756010e-001
  7.2000000e+000  8.4821123e-001
  7.2100000e+000  4.3418612e-001
  7.2200000e+000  6.0214668e-001
  7.2300000e+000  5.3275654e-001
  7.2400000e+000  7.9674407e-001
  7.2500000e+000  5.6701308e-001
  7.2600000e+000  1.1053893e+000
  7.2700000e+000  7.9475487e-001
  7.2800000e+000  7.9192889e-001
  7.2900000e+000  5.1480867e-001
  7.3000000e+000  5.2258298e-001
  7.3100000e+000  4.5877726e-001
  7.3200000e+000  1.0617912e+000
  7.3300000e+000  8.5113307e-001
  7.3400000e+000  6.0919146e-001
  7.3500000e+000  8.8541568e-001
  7.3600000e+000  2.7828993e-001
  7.3700000e+000  5.6144777e-001
  7.3800000e+000  3.1659781e-001
  7.3900000e+000  1.0602019e+000
  7.4000000e+000  5.4826702e-001
  7.4100000e+000  3.2952565e-001
  7.4200000e+000  1.0006963e+000
  7.4300000e+000  4.6824230e-001
  7.4400000e+000  7.2784832e-001
  7.4500000e+000  5.4030106e-001
  7.4600000e+000  1.0805802e+000
  7.4700000e+000  6.5415630e-001
  7.4800000e+000  7.6544250e-001
  7.4900000e+000  7.0193930e-001
  7.5000000e+000  7.4919748e-001
  7.5100000e+000  7.9454212e-001
  7.5200000e+000  9.5790665e-001
  7.5300000e+000  9.9812072e-001
  7.5400000e+000  4.4729149e-001
  7.5500000e+000  6.9740001e-001
  7.5600000e+000  5.4243504e-001
  7.5700000e+000  3.1648692e-001
  7.5800000e+000  7.3842315e-001
  7.5900000e+000  3.1705219e-001
  7.6000000e+000  5.6764687e-001
  7.6100000e+000  4.6053315e-001
  7.6200000e+000  6.2114661e-001
  7.6300000e+000  6.6780832e-001
  7.6400000e+000  6.9926403e-001
  7.6500000e+000  7.5043271e-001
  7.6600000e+000  6.6322290e-001
  7.6700000e+000  4.1231413e-001
  7.6800000e+000  9.4703760e-001
  7.6900000e+000  6.3661550e-001
  7.7000000e+000  7.7883339e-001
  7.7100000e+000  7.2944782e-001
  7.7200000e+000  5.9551738e-001
  7.7300000e+000  8.8402916e-001
  7.7400000e+000  7.5122449e-001
  7.7500000e+000  1.0282179e+000
  7.7600000e+000  9.1448135e-001
  7.7700000e+000  1.1093700e+000
  7.7800000e+000  1.0466849e+000
  7.7900000e+000  7.4336362e-001
  7.8000000e+000  1.0089625e+000
  7.8100000e+000  7.3425433e-001
  7.8200000e+000  4.9790180e-001
  7.8300000e+000  7.8579824e-001
  7.8400000e+000  7.4682308e-001
  7.8500000e+000  4.2964663e-001
  7.8600000e+000  6.5692111e-001
  7.8700000e+000  7.4937916e-001
  7.8800000e+000  7.6091707e-001
  7.8900000e+000  6.4175515e-001
  7.9000000e+000  5.6761070e-001
  7.9100000e+000  9.7146608e-001
  7.9200000e+000  6.0912344e-001
  7.9300000e+000  1.0184934e+000
  7.9400000e+000  7.2767587e-001
  7.9500000e+000  4.1418417e-001
  7.9600000e+000  6.9427987e-001
  7.9700000e+000  6.6973291e-001
  7.9800000e+000  2.8022717e-001
  7.9900000e+000  8.7464673e-001
  8.0000000e+000  3.0921539e-001
  8.0100000e+000  7.0534790e-001
  8.0200000e+000  9.7006564e-001
  8.0300000e+000  5.4037709e-001
  8.0400000e+000  5.1467537e-001
  8.0500000e+000  6.2084369e-001
  8.0600000e+000  9.8777149e-001
  8.0700000e+000  5.4324390e-001
  8.0800000e+000  5.6109327e-001
  8.0900000e+000  6.6647280e-001
  8.1000000e+000  3.5742129e-001
  8.1100000e+000  7.2727987e-001
  8.1200000e+000  7.1979740e-001
  8.1300000e+000  5.4312725e-001
  8.1400000e+000  7.3368285e-001
  8.1500000e+000  5.9791997e-001
  8.1600000e+000  8.8659351e-001
  8.1700000e+000  7.0318450e-001
  8.1800000e+000  4.8509223e-001
  8.1900000e+000  5.9939788e-001
  8.2000000e+000  6.3675234e-001
  8.2100000e+000  1.0553716e+000
  8.2200000e+000  6.8779128e-001
  8.2300000e+000  5.0643156e-001
  8.2400000e+000  7.9998986e-001
  8.2500000e+000  3.8580659e-001
  8.2600000e+000  6.4160097e-001
  8.2700000e+000  3.4099455e-001
  8.2800000e+000  5.5290602e-001
  8.2900000e+000  1.2107140e+000
  8.3000000e+000  6.6644863e-001
  8.3100000e+000  6.7008103e-001
  8.3200000e+000  6.9200803e-001
  8.3300000e+000  6.8939755e-001
  8.3400000e+000  8.1794363e-001
  8.3500000e+000  3.0824564e-001
  8.3600000e+000  5.2045274e-001
  8.3700000e+000  6.1583936e-001
  8.3800000e+000  9.2578564e-001
  8.3900000e+000  6.8297713e-001
  8.4000000e+000  8.3176415e-001
  8.4100000e+000  9.9575140e-001
  8.4200000e+000  7.2839255e-001
  8.4300000e+000  5.7161078e-001
  8.4400000e+000  7.0691735e-001
  8.4500000e+000  8.0260880e-001
  8.4600000e+000  5.4650270e-001
  8.4700000e+000  8.6559579e-001
  8.4800000e+000  7.4809402e-001
  8.4900000e+000  8.2250499e-001
  8.5000000e+000  7.5110728e-001
  8.5100000e+000  4.7761928e-001
  8.5200000e+000  5.1023054e-001
  8.5300000e+000  7.8586947e-001
  8.5400000e+000  1.1755028e+000
  8.5500000e+000  4.8982505e-001
  8.5600000e+000  7.9868623e-001
  8.5700000e+000  6.9735361e-001
  8.5800000e+000  8.6548450e-001
  8.5900000e+000  6.0819567e-001
  8.6000000e+000  5.9073578e-001
  8.6100000e+000  8.0253510e-001
  8.6200000e+000  7.5808498e-001
  8.6300000e+000  7.6987656e-001
  8.6400000e+000  8.2305244e-001
  8.6500000e+000  9.3585933e-001
  8.6600000e+000  8.7077224e-001
  8.6700000e+000  5.9357482e-001
  8.6800000e+000  7.5565142e-001
  8.6900000e+000  6.4126953e-001
  8.7000000e+000  6.7848743e-001
  8.7100000e+000  6.8046964e-001
  8.7200000e+000  7.2812100e-001
  8.7300000e+000  7.6331694e-001
  8.7400000e+000  7.6128809e-001
  8.7500000e+000  6.3441004e-001
  8.7600000e+000  8.9764755e-001
  8.7700000e+000  6.5828351e-001
  8.7800000e+000  7.0955071e-001
  8.7900000e+000  7.2734418e-001
  8.8000000e+000  6.7484230e-001
  8.8100000e+000  1.1512081e+000
  8.8200000e+000  3.8848805e-001
  8.8300000e+000  6.8015150e-001
  8.8400000e+000  7.7516701e-001
  8.8500000e+000  5.1168990e-001
  8.8600000e+000  7.4020403e-001
  8.8700000e+000  9.9921078e-001
  8.8800000e+000  7.5484159e-001
  8.8900000e+000  3.9320119e-001
  8.9000000e+000  8.7566794e-001
  8.9100000e+000  1.1219667e+000
  8.9200000e+000  6.6920940e-001
  8.9300000e+000  4.1903462e-001
  8.9400000e+000  1.0165393e+000
  8.9500000e+000  4.9946499e-001
  8.9600000e+000  7.4998059e-001
  8.9700000e+000  9.5778039e-001
  8.9800000e+000  7.6935004e-001
  8.9900000e+000  6.7955583e-001
  9.0000000e+000  7.3768181e-001
  9.0100000e+000  5.9763015e-001
  9.0200000e+000  5.9016502e-001
  9.0300000e+000  4.7150133e-001
  9.0400000e+000  6.5321385e-001
  9.0500000e+000  6.8286065e-001
  9.0600000e+000  1.1602246e+000
  9.0700000e+000  8.7178386e-001
  9.0800000e+000  8.4465223e-001
  9.0900000e+000  8.4898110e-001
  9.1000000e+000  8.0676428e-001
  9.1100000e+000  7.7788937e-001
  9.1200000e+000  8.8849061e-001
  9.1300000e+000  9.1823563e-001
  9.1400000e+000  8.0285261e-001
  9.1500000e+000  9.1412666e-001
  9.1600000e+000  7.4306135e-001
  9.1700000e+000  1.0540478e+000
  9.1800000e+000  3.7491538e-001
  9.1900000e+000  4.2615694e-001
  9.2000000e+000  6.3310518e-001
  9.2100000e+000  5.6204858e-001
  9.2200000e+000  6.2546478e-001
  9.2300000e+000  7.1607789e-001
  9.2400000e+000  3.6881745e-001
  9.2500000e+000  6.7610637e-001
  9.2600000e+000  8.6532527e-001
  9.2700000e+000  1.0934093e+000
  9.2800000e+000  7.4721076e-001
  9.2900000e+000  6.8780578e-001
  9.3000000e+000  3.5178637e-001
  9.3100000e+000  5.2100568e-001
  9.3200000e+000  9.5522536e-001
  9.3300000e+000  6.0474737e-001
  9.3400000e+000  5.5500144e-001
  9.3500000e+000  9.2790423e-001
  9.3600000e+000  5.3208673e-001
  9.3700000e+000  6.6848904e-001
  9.3800000e+000  5.9396287e-001
  9.3900000e+000  8.4907405e-001
  9.4000000e+000  4.8802175e-001
  9.4100000e+000  6.4228166e-001
  9.4200000e+000  6.8598893e-001
  9.4300000e+000  8.1220521e-001
  9.4400000e+000  8.1404991e-001
  9.4500000e+000  5.3093950e-001
  9.4600000e+000  5.9010538e-001
  9.4700000e+000  6.5285788e-001
  9.4800000e+000  1.1384325e+000
  9.4900000e+000  8.1270305e-001
  9.5000000e+000  6.8564955e-001
  9.5100000e+000  5.3302516e-001
  9.5200000e+000  2.4562118e-001
  9.5300000e+000  6.1759155e-001
  9.5400000e+000  1.0145614e+000
  9.5500000e+000  4.5841287e-001
  9.5600000e+000  6.7644622e-001
  9.5700000e+000  4.2003106e-001
  9.5800000e+000  8.6791782e-001
  9.5900000e+000  4.6098092e-001
  9.6000000e+000  7.5753036e-001
  9.6100000e+000  6.3981100e-001
  9.6200000e+000  7.5138185e-001
  9.6300000e+000  3.8480193e-001
  9.6400000e+000  6.8057854e-001
  9.6500000e+000  9.3834863e-001
  9.6600000e+000  1.0247150e+000
  9.6700000e+000  5.6476735e-001
  9.6800000e+000  8.0275569e-001
  9.6900000e+000  6.5385303e-001
  9.7000000e+000  6.5654977e-001
  9.7100000e+000  8.9062823e-001
  9.7200000e+000  9.0577649e-001
  9.7300000e+000  7.9162661e-001
  9.7400000e+000  2.2133789e-001
  9.7500000e+000  1.2284319e+000
  9.7600000e+000  1.0331430e+000
  9.7700000e+000  6.3085100e-001
  9.7800000e+000  7.6399091e-001
  9.7900000e+000  9.0163586e-001
  9.8000000e+000  2.4880854e-001
  9.8100000e+000  4.9415619e-001
  9.8200000e+000  3.8898128e-001
  9.8300000e+000  7.3490771e-001
  9.8400000e+000  4.1973078e-001
  9.8500000e+000  9.1347516e-001
  9.8600000e+000  8.7590260e-001
  9.8700000e+000  5.3384397e-001
  9.8800000e+000  5.7918871e-001
  9.8900000e+000  6.9394994e-001
  9.9000000e+000  5.3314499e-001
  9.9100000e+000  9.1661575e-001
  9.9200000e+000  7.7924197e-001
  9.9300000e+000  4.7228811e-001
  9.9400000e+000  9.5383170e-001
  9.9500000e+000  3.4971817e-001
  9.9600000e+000  4.4847058e-001
  9.9700000e+000  7.1095764e-001
  9.9800000e+000  4.8311968e-001
  9.9900000e+000  8.4299890e-001
  1.0000000e+001  9.1904320e-001
  1.0010000e+001  7.9806207e-001
  1.0020000e+001  9.4490298e-001
  1.0030000e+001  9.3408764e-001
  1.0040000e+001  9.8398152e-001
  1.0050000e+001  1.0424662e+000
  1.0060000e+001  3.4183857e-001
  1.0070000e+001  8.2859317e-001
  1.0080000e+001  6.8547612e-001
  1.0090000e+001  6.2354465e-001
  1.0100000e+001  8.1651951e-001
  1.0110000e+001  7.1278569e-001
  1.0120000e+001  8.8240655e-001
  1.0130000e+001  7.6851750e-001
  1.0140000e+001  4.4740293e-001
  1.0150000e+001  5.3716896e-001
  1.0160000e+001  9.5682148e-001
  1.0170000e+001  1.1052333e+000
  1.0180000e+001  9.9291601e-001
  1.0190000e+001  6.8863491e-001
  1.0200000e+001  5.1550965e-001
  1.0210000e+001  8.4787844e-001
  1.0220000e+001  3.0211990e-001
  1.0230000e+001  6.6491225e-001
  1.0240000e+001  8.4578260e-001
  1.0250000e+001  7.7647002e-001
  1.0260000e+001  8.2318371e-001
  1.0270000e+001  6.2029474e-001
  1.0280000e+001  5.4037677e-001
  1.0290000e+001  8.1610290e-001
  1.0300000e+001  4.3614807e-001
  1.0310000e+001  4.6021421e-001
  1.0320000e+001  9.5243677e-001
  1.0330000e+001  6.7987195e-001
  1.0340000e+001  9.6413703e-001
  1.0350000e+001  9.1511141e-001
  1.0360000e+001  8.0443141e-001
  1.0370000e+001  6.8013609e-001
  1.0380000e+001  6.9353498e-001
  1.0390000e+001  6.0532083e-001
  1.0400000e+001  5.5691356e-001
  1.0410000e+001  4.3639591e-001
  1.0420000e+001  8.6117451e-001
  1.0430000e+001  8.0523926e-001
  1.0440000e+001  7.9901629e-001
  1.0450000e+001  3.2228895e-001
  1.0460000e+001  6.5149627e-001
  1.0470000e+001  1.0600935e+000
  1.0480000e+001  8.0493811e-001
  1.0490000e+001  8.8809918e-001
  1.0500000e+001  6.9581153e-001
  1.0510000e+001  9.1651239e-001
  1.0520000e+001  1.0899446e+000
  1.0530000e+001  5.7524861e-001
  1.0540000e+001  7.3305540e-001
  1.0550000e+001  1.1195834e+000
  1.0560000e+001  9.6066035e-001
  1.0570000e+001  6.1152825e-001
  1.0580000e+001  9.1553646e-001
  1.0590000e+001  5.8168824e-001
  1.0600000e+001  3.7886590e-001
  1.0610000e+001  8.7407347e-001
  1.0620000e+001  1.0674847e+000
  1.0630000e+001  6.8614246e-001
  1.0640000e+001  1.0686162e+000
  1.0650000e+001  5.3428907e-001
  1.0660000e+001  5.8414593e-001
  1.0670000e+001  9.2981097e-001
  1.0680000e+001  4.4566816e-001
  1.0690000e+001  7.3478499e-001
  1.0700000e+001  4.0658331e-001
  1.0710000e+001  5.4091897e-001
  1.0720000e+001  8.3223266e-001
  1.0730000e+001  9.3758137e-001
  1.0740000e+001  6.8684550e-001
  1.0750000e+001  6.8882611e-001
  1.0760000e+001  7.9659009e-001
  1.0770000e+001  1.1315946e+000
  1.0780000e+001  6.9535202e-001
  1.0790000e+001  6.1871444e-001
  1.0800000e+001  5.9323787e-001
  1.0810000e+001  8.9618260e-001
  1.0820000e+001  6.8493611e-001
  1.0830000e+001  8.2555925e-001
  1.0840000e+001  7.7035193e-001
  1.0850000e+001  3.6980674e-001
  1.0860000e+001  6.5589054e-001
  1.0870000e+001  6.2983789e-001
  1.0880000e+001  4.6416000e-001
  1.0890000e+001  7.8281089e-001
  1.0900000e+001  5.2714967e-001
  1.0910000e+001  7.4557387e-001
  1.0920000e+001  7.5221638e-001
  1.0930000e+001  6.5569304e-001
  1.0940000e+001  8.0681299e-001
  1.0950000e+001  7.7633624e-001
  1.0960000e+001  4.1537021e-001
  1.0970000e+001  9.3437364e-001
  1.0980000e+001  5.9457659e-001
  1.0990000e+001  7.9895474e-001
  1.1000000e+001  8.4358457e-001
  1.1010000e+001  7.5174621e-001
  1.1020000e+001  7.7052871e-001
  1.1030000e+001  8.2112694e-001
  1.1040000e+001  9.6836333e-001
  1.1050000e+001  7.0712840e-001
  1.1060000e+001  4.9936988e-001
  1.1070000e+001  7.9222090e-001
  1.1080000e+001  4.3089788e-001
  1.1090000e+001  5.0346529e-001
  1.1100000e+001  8.5341617e-001
  1.1110000e+001  6.6174448e-001
  1.1120000e+001  4.4808793e-001
  1.1130000e+001  8.8443008e-001
  1.1140000e+001  5.8565046e-001
  1.1150000e+001  8.2166010e-001
  1.1160000e+001  9.9898657e-001
  1.1170000e+001  4.5924716e-001
  1.1180000e+001  8.5449600e-001
  1.1190000e+001  1.0240520e+000
  1.1200000e+001  4.1311224e-001
  1.1210000e+001  7.6865971e-001
  1.1220000e+001  7.3967627e-001
  1.1230000e+001  8.2125146e-001
  1.1240000e+001  7.0443648e-001
  1.1250000e+001  9.0126894e-001
  1.1260000e+001  8.4318354e-001
  1.1270000e+001  9.1701448e-001
  1.1280000e+001  4.5077259e-001
  1.1290000e+001  3.6404809e-001
  1.1300000e+001  7.8558011e-001
  1.1310000e+001  4.7912221e-001
  1.1320000e+001  8.1333264e-001
  1.1330000e+001  8.3413251e-001
  1.1340000e+001  5.7069494e-001
  1.1350000e+001  4.9274764e-001
  1.1360000e+001  5.6649497e-001
  1.1370000e+001  9.8357313e-001
  1.1380000e+001  4.8119083e-001
  1.1390000e+001  7.3070787e-001
  1.1400000e+001  7.4229404e-001
  1.1410000e+001  6.6818306e-001
  1.1420000e+001  5.5713290e-001
  1.1430000e+001  6.4688087e-001
  1.1440000e+001  4.3094040e-001
  1.1450000e+001  9.3528262e-001
  1.1460000e+001  5.2341761e-001
  1.1470000e+001  9.2704246e-001
  1.1480000e+001  5.7265054e-001
  1.1490000e+001  4.7526869e-001
  1.1500000e+001  6.4442740e-001
  1.1510000e+001  9.0608770e-001
  1.1520000e+001  6.1405638e-001
  1.1530000e+001  9.6495609e-001
  1.1540000e+001  6.1443130e-001
  1.1550000e+001  7.1088451e-001
  1.1560000e+001  7.5710708e-001
  1.1570000e+001  5.8512776e-001
  1.1580000e+001  1.1971367e+000
  1.1590000e+001  7.9663321e-001
  1.1600000e+001  7.9825764e-001
  1.1610000e+001  8.0294889e-001
  1.1620000e+001  8.0983258e-001
  1.1630000e+001  9.4827346e-001
  1.1640000e+001  4.2537185e-001
  1.1650000e+001  8.2265032e-001
  1.1660000e+001  9.9941964e-001
  1.1670000e+001  7.7238479e-001
  1.1680000e+001  7.0719174e-001
  1.1690000e+001  7.9468556e-001
  1.1700000e+001  8.3958096e-001
  1.1710000e+001  3.9643985e-001
  1.1720000e+001  7.5225749e-001
  1.1730000e+001  7.3585552e-001
  1.1740000e+001  7.4323633e-001
  1.1750000e+001  7.4136740e-001
  1.1760000e+001  5.3945642e-001
  1.1770000e+001  9.6837796e-001
  1.1780000e+001  9.1035795e-001
  1.1790000e+001  5.8730516e-001
  1.1800000e+001  6.5987614e-001
  1.1810000e+001  7.6141663e-001
  1.1820000e+001  5.3163624e-001
  1.1830000e+001  6.6560839e-001
  1.1840000e+001  3.3317804e-001
  1.1850000e+001  8.9774765e-001
  1.1860000e+001  7.3547743e-001
  1.1870000e+001  9.8778753e-001
  1.1880000e+001  5.5043265e-001
  1.1890000e+001  8.5664238e-001
  1.1900000e+001  9.9240266e-001
  1.1910000e+001  7.9249941e-001
  1.1920000e+001  6.2842821e-001
  1.1930000e+001  6.8074596e-001
  1.1940000e+001  6.5336385e-001
  1.1950000e+001  6.5974973e-001
  1.1960000e+001  8.3107246e-001
  1.1970000e+001  9.7872235e-001
  1.1980000e+001  6.8191226e-001
  1.1990000e+001  7.0270822e-001
  1.2000000e+001  6.0584241e-001
  1.2010000e+001  7.7378849e-001
  1.2020000e+001  6.7521143e-001
  1.2030000e+001  6.5490865e-001
  1.2040000e+001  8.3163099e-001
  1.2050000e+001  9.1248251e-001
  1.2060000e+001  7.0165399e-001
  1.2070000e+001  4.9110445e-001
  1.2080000e+001  7.4684706e-001
  1.2090000e+001  4.9015659e-001
  1.2100000e+001  4.1626331e-001
  1.2110000e+001  3.5929470e-001
  1.2120000e+001  6.8504260e-001
  1.2130000e+001  9.8532957e-001
  1.2140000e+001  7.1442881e-001
  1.2150000e+001  7.3217389e-001
  1.2160000e+001  8.5904687e-001
  1.2170000e+001  9.2606579e-001
  1.2180000e+001  4.5597596e-001
  1.2190000e+001  8.6332378e-001
  1.2200000e+001  5.8234507e-001
  1.2210000e+001  5.9204811e-001
  1.2220000e+001  8.4235238e-001
  1.2230000e+001  8.1163987e-001
  1.2240000e+001  8.1645212e-001
  1.2250000e+001  2.7954269e-001
  1.2260000e+001  1.0063347e+000
  1.2270000e+001  1.1262078e+000
  1.2280000e+001  3.9288388e-001
  1.2290000e+001  6.9309673e-001
  1.2300000e+001  1.1882353e+000
  1.2310000e+001  9.2376706e-001
  1.2320000e+001  9.8850447e-001
  1.2330000e+001  6.6580158e-001
  1.2340000e+001  1.0553931e+000
  1.2350000e+001  7.3513243e-001
  1.2360000e+001  4.9379014e-001
  1.2370000e+001  2.0009524e-001
  1.2380000e+001  6.9543320e-001
  1.2390000e+001  7.3454289e-001
  1.2400000e+001  8.7620469e-001
  1.2410000e+001  8.2673513e-001
  1.2420000e+001  7.5992901e-001
  1.2430000e+001  2.5674341e-001
  1.2440000e+001  6.8997237e-001
  1.2450000e+001  8.9532897e-001
  1.2460000e+001  6.8746436e-001
  1.2470000e+001  4.4364108e-001
  1.2480000e+001  7.9426760e-001
  1.2490000e+001  8.9419667e-001
  1.2500000e+001  5.8829559e-001
