  0.0000000e+000 -6.1991038e-002
  1.0000000e-002 -4.3501517e-002
  2.0000000e-002 -5.3469332e-003
  3.0000000e-002 -1.7337381e-001
  4.0000000e-002  2.1294945e-001
  5.0000000e-002  1.4995098e-001
  6.0000000e-002  7.6786418e-002
  7.0000000e-002 -2.4681368e-002
  8.0000000e-002 -2.1080625e-001
  9.0000000e-002 -3.9840321e-001
  1.0000000e-001  1.5473787e-002
  1.1000000e-001  3.8206386e-002
  1.2000000e-001 -1.2731624e-001
  1.3000000e-001  7.3367289e-002
  1.4000000e-001 -6.7563880e-002
  1.5000000e-001  1.2946295e-002
  1.6000000e-001 -2.3990580e-001
  1.7000000e-001 -4.3836116e-002
  1.8000000e-001  1.1073895e-001
  1.9000000e-001  4.8993008e-002
  2.0000000e-001 -3.0879839e-001
  2.1000000e-001 -7.6873926e-002
  2.2000000e-001 -2.7029418e-001
  2.3000000e-001 -4.6745774e-002
  2.4000000e-001 -9.6143760e-002
  2.5000000e-001 -2.7869341e-001
  2.6000000e-001 -2.2818826e-001
  2.7000000e-001 -3.2433990e-001
  2.8000000e-001 -5.2181480e-002
  2.9000000e-001  1.0163398e-001
  3.0000000e-001 -2.1146402e-001
  3.1000000e-001 -3.6446148e-001
  3.2000000e-001 -1.4640928e-001
  3.3000000e-001 -4.0792913e-001
  3.4000000e-001  3.3932112e-001
  3.5000000e-001 -1.7637266e-001
  3.6000000e-001 -4.7917489e-001
  3.7000000e-001 -1.4942145e-001
  3.8000000e-001 -3.4446434e-001
  3.9000000e-001 -2.6097679e-001
  4.0000000e-001  2.8093256e-001
  4.1000000e-001 -2.9311978e-001
  4.2000000e-001 -4.6480839e-001
  4.3000000e-001 -4.2645363e-001
  4.4000000e-001 -3.0420951e-001
  4.5000000e-001 -6.6921787e-002
  4.6000000e-001 -2.4474021e-001
  4.7000000e-001 -3.3191847e-001
  4.8000000e-001 -2.3356403e-001
  4.9000000e-001 -4.1251873e-001
  5.0000000e-001 -4.6298915e-002
  5.1000000e-001 -3.5961840e-001
  5.2000000e-001 -3.6098272e-001
  5.3000000e-001  1.3061257e-001
  5.4000000e-001 -2.1112096e-001
  5.5000000e-001 -2.3717468e-001
  5.6000000e-001  7.7076601e-002
  5.7000000e-001 -9.4476587e-002
  5.8000000e-001 -1.2614941e-001
  5.9000000e-001 -5.6976255e-001
  6.0000000e-001 -1.9068551e-001
  6.1000000e-001  1.5726273e-002
  6.2000000e-001 -1.2853974e-001
  6.3000000e-001 -2.9515172e-001
  6.4000000e-001 -1.7804534e-001
  6.5000000e-001 -1.7623841e-001
  6.6000000e-001 -5.5332554e-001
  6.7000000e-001 -2.6725403e-001
  6.8000000e-001 -3.9974165e-001
  6.9000000e-001 -2.9725631e-001
  7.0000000e-001  2.2084553e-001
  7.1000000e-001 -7.2587539e-002
  7.2000000e-001 -5.6684518e-001
  7.3000000e-001 -4.4755429e-002
  7.4000000e-001 -4.4191902e-001
  7.5000000e-001  1.7893246e-002
  7.6000000e-001 -2.7259424e-001
  7.7000000e-001 -8.1489329e-002
  7.8000000e-001 -2.3879294e-001
  7.9000000e-001  2.2915567e-001
  8.0000000e-001 -3.0782760e-002
  8.1000000e-001  3.5083021e-002
  8.2000000e-001 -4.5047760e-001
  8.3000000e-001 -5.8553346e-002
  8.4000000e-001 -1.5098649e-001
  8.5000000e-001 -2.2340274e-001
  8.6000000e-001  8.5556468e-002
  8.7000000e-001 -2.2423003e-001
  8.8000000e-001 -3.9665406e-001
  8.9000000e-001 -2.7704119e-001
  9.0000000e-001  1.3111924e-001
  9.1000000e-001 -2.9839107e-001
  9.2000000e-001 -1.5552077e-001
  9.3000000e-001 -1.4083620e-001
  9.4000000e-001 -1.6632947e-001
  9.5000000e-001 -1.0987513e-001
  9.6000000e-001 -2.3140108e-001
  9.7000000e-001  2.1640766e-001
  9.8000000e-001  1.8264616e-002
  9.9000000e-001 -3.3642635e-001
  1.0000000e+000  1.9892449e-001
  1.0100000e+000 -1.2713536e-001
  1.0200000e+000 -1.4764795e-001
  1.0300000e+000 -2.6015415e-001
  1.0400000e+000 -2.0819095e-001
  1.0500000e+000 -3.4290004e-002
  1.0600000e+000  2.2846352e-001
  1.0700000e+000  1.3944359e-001
  1.0800000e+000  5.6376156e-001
  1.0900000e+000 -4.0979832e-001
  1.1000000e+000 -1.7635069e-001
  1.1100000e+000  1.2209693e-001
  1.1200000e+000 -7.6243343e-001
  1.1300000e+000 -5.3375234e-002
  1.1400000e+000 -5.2685720e-002
  1.1500000e+000  4.6825332e-002
  1.1600000e+000 -2.7480823e-001
  1.1700000e+000 -2.7906157e-001
  1.1800000e+000 -2.1875883e-001
  1.1900000e+000  1.2213613e-001
  1.2000000e+000  2.6402322e-001
  1.2100000e+000 -2.1164197e-001
  1.2200000e+000 -6.1784838e-002
  1.2300000e+000 -2.3288593e-001
  1.2400000e+000 -1.5371803e-001
  1.2500000e+000 -2.0878603e-001
  1.2600000e+000 -2.7484552e-001
  1.2700000e+000 -3.1115732e-001
  1.2800000e+000 -1.0110566e-001
  1.2900000e+000  9.8806305e-002
  1.3000000e+000 -1.1193910e-002
  1.3100000e+000 -3.4039092e-001
  1.3200000e+000 -7.6273288e-002
  1.3300000e+000  1.7140779e-001
  1.3400000e+000 -7.0937772e-002
  1.3500000e+000 -1.3307963e-003
  1.3600000e+000  3.3294924e-001
  1.3700000e+000  1.6740329e-001
  1.3800000e+000 -3.3126642e-001
  1.3900000e+000 -3.5345266e-001
  1.4000000e+000 -9.6468813e-002
  1.4100000e+000 -5.7805148e-002
  1.4200000e+000  7.8259183e-002
  1.4300000e+000  1.3094791e-001
  1.4400000e+000  2.4200631e-002
  1.4500000e+000  3.4612144e-002
  1.4600000e+000  5.8880723e-003
  1.4700000e+000 -3.6185438e-001
  1.4800000e+000 -1.3465299e-001
  1.4900000e+000  1.4468520e-001
  1.5000000e+000  2.7089403e-002
  1.5100000e+000  1.2528573e-001
  1.5200000e+000 -4.6700042e-002
  1.5300000e+000 -1.8884163e-002
  1.5400000e+000 -3.2435800e-002
  1.5500000e+000 -7.0485853e-002
  1.5600000e+000 -3.1618757e-002
  1.5700000e+000 -1.9997250e-002
  1.5800000e+000  4.7890558e-001
  1.5900000e+000  3.0674779e-002
  1.6000000e+000  5.6710778e-001
  1.6100000e+000  3.7938410e-002
  1.6200000e+000  2.8463272e-001
  1.6300000e+000  6.7460818e-001
  1.6400000e+000  7.2709079e-001
  1.6500000e+000 -2.3876294e-002
  1.6600000e+000 -1.8294304e-001
  1.6700000e+000  1.2651587e-002
  1.6800000e+000  2.8465861e-001
  1.6900000e+000  3.0128048e-001
  1.7000000e+000  6.1784623e-003
  1.7100000e+000  2.3292091e-001
  1.7200000e+000  3.1713079e-001
  1.7300000e+000  2.3767716e-001
  1.7400000e+000 -1.5876682e-001
  1.7500000e+000  1.5175964e-001
  1.7600000e+000  4.8160338e-001
  1.7700000e+000  2.5951605e-001
  1.7800000e+000  3.0052747e-001
  1.7900000e+000  1.9045648e-002
  1.8000000e+000  2.3246521e-001
  1.8100000e+000  5.2911423e-001
  1.8200000e+000  4.8272745e-001
  1.8300000e+000  7.0223575e-002
  1.8400000e+000  1.9957675e-001
  1.8500000e+000  1.9863610e-001
  1.8600000e+000  2.4849392e-001
  1.8700000e+000 -3.3428959e-002
  1.8800000e+000  1.8263275e-002
  1.8900000e+000  3.3268768e-001
  1.9000000e+000  1.7757338e-001
  1.9100000e+000 -2.9419630e-002
  1.9200000e+000  3.6289042e-001
  1.9300000e+000  1.3052045e-001
  1.9400000e+000  1.5174061e-001
  1.9500000e+000  8.1958241e-002
  1.9600000e+000  6.2070322e-001
  1.9700000e+000  2.0542518e-001
  1.9800000e+000  5.2120120e-001
  1.9900000e+000  4.8023087e-001
  2.0000000e+000  2.7371430e-001
  2.0100000e+000  2.4718840e-001
  2.0200000e+000  2.7169451e-001
  2.0300000e+000  3.7544105e-001
  2.0400000e+000  5.2220590e-001
  2.0500000e+000  3.6102407e-001
  2.0600000e+000  2.9629808e-001
  2.0700000e+000  3.9934220e-001
  2.0800000e+000  3.6508060e-001
  2.0900000e+000  6.0952255e-001
  2.1000000e+000  4.3540795e-001
  2.1100000e+000  1.0482424e+000
  2.1200000e+000  9.4474835e-001
  2.1300000e+000  5.4404595e-001
  2.1400000e+000  5.0974338e-001
  2.1500000e+000  2.3881203e-001
  2.1600000e+000  2.6105996e-001
  2.1700000e+000  3.6606836e-001
  2.1800000e+000  4.2866461e-001
  2.1900000e+000  3.4178043e-001
  2.2000000e+000  5.1973694e-001
  2.2100000e+000  2.2500614e-001
  2.2200000e+000  6.1665277e-001
  2.2300000e+000  3.9204378e-001
  2.2400000e+000  5.1008651e-001
  2.2500000e+000  5.2293070e-001
  2.2600000e+000  3.9965881e-001
  2.2700000e+000  7.1392044e-001
  2.2800000e+000  3.1610193e-001
  2.2900000e+000  5.0505340e-001
  2.3000000e+000  7.2495199e-001
  2.3100000e+000  4.4718341e-001
  2.3200000e+000  6.6324024e-001
  2.3300000e+000  3.2000270e-001
  2.3400000e+000  7.7829862e-001
  2.3500000e+000  1.1842491e-001
  2.3600000e+000  4.8766294e-001
  2.3700000e+000  4.1882728e-001
  2.3800000e+000  6.9939806e-001
  2.3900000e+000  3.4236161e-001
  2.4000000e+000  4.6744964e-001
  2.4100000e+000  6.2480595e-001
  2.4200000e+000  8.5174379e-001
  2.4300000e+000  6.4350810e-001
  2.4400000e+000  8.9995652e-001
  2.4500000e+000  4.9177061e-001
  2.4600000e+000  1.4829718e-001
  2.4700000e+000  7.8062892e-001
  2.4800000e+000  4.8897218e-001
  2.4900000e+000  4.8104062e-001
  2.5000000e+000  6.6567022e-001
  2.5100000e+000  5.5912271e-001
  2.5200000e+000  3.1356489e-001
  2.5300000e+000  5.3798060e-001
  2.5400000e+000  3.7778243e-001
  2.5500000e+000  3.1015767e-001
  2.5600000e+000  2.7870962e-001
  2.5700000e+000  7.3127243e-001
  2.5800000e+000  8.7613132e-001
  2.5900000e+000  1.0669992e-001
  2.6000000e+000  5.0914264e-001
  2.6100000e+000  3.2358781e-001
  2.6200000e+000  3.6264252e-001
  2.6300000e+000  7.6141753e-001
  2.6400000e+000  2.6792939e-001
  2.6500000e+000  5.4567754e-001
  2.6600000e+000  8.9502534e-001
  2.6700000e+000  4.3154514e-001
  2.6800000e+000  5.6166705e-001
  2.6900000e+000  6.2950800e-001
  2.7000000e+000  8.5136633e-001
  2.7100000e+000  5.8736995e-001
  2.7200000e+000  8.3825496e-001
  2.7300000e+000  5.8614067e-001
  2.7400000e+000  7.0672748e-001
  2.7500000e+000  7.7062416e-001
  2.7600000e+000  6.5837900e-001
  2.7700000e+000  1.5809641e-001
  2.7800000e+000  8.9412118e-001
  2.7900000e+000  6.8175309e-001
  2.8000000e+000  5.6788380e-001
  2.8100000e+000  8.2709095e-001
  2.8200000e+000  3.1398728e-001
  2.8300000e+000  7.2866662e-001
  2.8400000e+000  3.8281041e-001
  2.8500000e+000  8.1371421e-001
  2.8600000e+000  9.0627151e-001
  2.8700000e+000  5.5912953e-001
  2.8800000e+000  7.5738979e-001
  2.8900000e+000  6.3411041e-001
  2.9000000e+000  8.9231372e-001
  2.9100000e+000  2.7827467e-001
  2.9200000e+000  9.8447537e-001
  2.9300000e+000  5.3185910e-001
  2.9400000e+000  3.9231247e-001
  2.9500000e+000  7.4626759e-001
  2.9600000e+000  5.2390963e-001
  2.9700000e+000  8.6476393e-001
  2.9800000e+000  7.4803772e-001
  2.9900000e+000  8.0964260e-001
  3.0000000e+000  8.5383355e-001
  3.0100000e+000  7.3205389e-001
  3.0200000e+000  3.3904226e-001
  3.0300000e+000  7.1598141e-001
  3.0400000e+000  9.5644517e-001
  3.0500000e+000  6.8953529e-001
  3.0600000e+000  5.1842043e-001
  3.0700000e+000  4.7936606e-001
  3.0800000e+000  7.2658087e-001
  3.0900000e+000  1.0322851e+000
  3.1000000e+000  8.0608528e-001
  3.1100000e+000  9.6006578e-001
  3.1200000e+000  8.8331606e-001
  3.1300000e+000  8.7006729e-001
  3.1400000e+000  4.8751721e-001
  3.1500000e+000  7.9353895e-001
  3.1600000e+000  7.4439554e-001
  3.1700000e+000  1.0140598e+000
  3.1800000e+000  9.4398036e-001
  3.1900000e+000  6.6063048e-001
  3.2000000e+000  5.2701071e-001
  3.2100000e+000  7.9308662e-001
  3.2200000e+000  8.8583009e-001
  3.2300000e+000  1.0104938e+000
  3.2400000e+000  7.0758675e-001
  3.2500000e+000  4.4330557e-001
  3.2600000e+000  1.1218985e+000
  3.2700000e+000  1.0123598e+000
  3.2800000e+000  8.8306975e-001
  3.2900000e+000  5.8960814e-001
  3.3000000e+000  7.3535629e-001
  3.3100000e+000  8.3505118e-001
  3.3200000e+000  6.7841218e-001
  3.3300000e+000  9.4379750e-001
  3.3400000e+000  8.1149056e-001
  3.3500000e+000  7.8198031e-001
  3.3600000e+000  5.5502171e-001
  3.3700000e+000  1.2614101e+000
  3.3800000e+000  5.5705372e-001
  3.3900000e+000  9.2447882e-001
  3.4000000e+000  7.8431663e-001
  3.4100000e+000  7.3048897e-001
  3.4200000e+000  9.1286168e-001
  3.4300000e+000  1.1541387e+000
  3.4400000e+000  7.7777611e-001
  3.4500000e+000  7.4873108e-001
  3.4600000e+000  6.7788036e-001
  3.4700000e+000  8.1090764e-001
  3.4800000e+000  7.7110644e-001
  3.4900000e+000  5.5879985e-001
  3.5000000e+000  9.6772467e-001
  3.5100000e+000  6.3687923e-001
  3.5200000e+000  8.4734242e-001
  3.5300000e+000  1.3077887e+000
  3.5400000e+000  1.0501519e+000
  3.5500000e+000  9.0235932e-001
  3.5600000e+000  9.2780101e-001
  3.5700000e+000  4.8683347e-001
  3.5800000e+000  8.3798692e-001
  3.5900000e+000  8.9773923e-001
  3.6000000e+000  9.9735388e-001
  3.6100000e+000  5.1140602e-001
  3.6200000e+000  1.1942210e+000
  3.6300000e+000  9.1463612e-001
  3.6400000e+000  7.4878771e-001
  3.6500000e+000  1.0440598e+000
  3.6600000e+000  9.7367852e-001
  3.6700000e+000  9.1236590e-001
  3.6800000e+000  8.2610325e-001
  3.6900000e+000  9.8539144e-001
  3.7000000e+000  7.6618114e-001
  3.7100000e+000  5.1323042e-001
  3.7200000e+000  1.0067380e+000
  3.7300000e+000  7.3268059e-001
  3.7400000e+000  9.3748936e-001
  3.7500000e+000  7.4418775e-001
  3.7600000e+000  8.1627332e-001
  3.7700000e+000  3.7162275e-001
  3.7800000e+000  7.0242117e-001
  3.7900000e+000  9.8745573e-001
  3.8000000e+000  8.6756290e-001
  3.8100000e+000  6.2397396e-001
  3.8200000e+000  6.1719600e-001
  3.8300000e+000  1.1947492e+000
  3.8400000e+000  1.0536295e+000
  3.8500000e+000  1.0941589e+000
  3.8600000e+000  9.8340595e-001
  3.8700000e+000  5.7804986e-001
  3.8800000e+000  7.0705187e-001
  3.8900000e+000  1.2236250e+000
  3.9000000e+000  7.5910471e-001
  3.9100000e+000  9.0274029e-001
  3.9200000e+000  9.9585925e-001
  3.9300000e+000  9.6672325e-001
  3.9400000e+000  1.2363541e+000
  3.9500000e+000  8.2001741e-001
  3.9600000e+000  9.1660237e-001
  3.9700000e+000  7.8780362e-001
  3.9800000e+000  9.8517346e-001
  3.9900000e+000  1.1477517e+000
  4.0000000e+000  1.0911939e+000
  4.0100000e+000  1.0800741e+000
  4.0200000e+000  1.1643341e+000
  4.0300000e+000  1.0455873e+000
  4.0400000e+000  7.9841847e-001
  4.0500000e+000  7.0635056e-001
  4.0600000e+000  9.5235192e-001
  4.0700000e+000  1.2020418e+000
  4.0800000e+000  6.2507271e-001
  4.0900000e+000  8.2598068e-001
  4.1000000e+000  9.0276370e-001
  4.1100000e+000  7.6312085e-001
  4.1200000e+000  7.2493262e-001
  4.1300000e+000  8.0031739e-001
  4.1400000e+000  5.8013466e-001
  4.1500000e+000  2.7374396e-001
  4.1600000e+000  6.6322178e-001
  4.1700000e+000  1.1080377e+000
  4.1800000e+000  9.9980391e-001
  4.1900000e+000  1.2563090e+000
  4.2000000e+000  1.3521524e+000
  4.2100000e+000  1.1115331e+000
  4.2200000e+000  7.3150830e-001
  4.2300000e+000  7.4764135e-001
  4.2400000e+000  7.2545493e-001
  4.2500000e+000  1.0436375e+000
  4.2600000e+000  7.6476069e-001
  4.2700000e+000  1.1585806e+000
  4.2800000e+000  1.2798307e+000
  4.2900000e+000  1.1206935e+000
  4.3000000e+000  1.0076169e+000
  4.3100000e+000  1.0591299e+000
  4.3200000e+000  8.8839200e-001
  4.3300000e+000  9.4428266e-001
  4.3400000e+000  8.2073882e-001
  4.3500000e+000  5.6969370e-001
  4.3600000e+000  1.5388101e+000
  4.3700000e+000  1.2405146e+000
  4.3800000e+000  8.2993064e-001
  4.3900000e+000  1.1734135e+000
  4.4000000e+000  6.7757241e-001
  4.4100000e+000  9.0472147e-001
  4.4200000e+000  4.9401110e-001
  4.4300000e+000  7.8946680e-001
  4.4400000e+000  6.9838683e-001
  4.4500000e+000  9.4888669e-001
  4.4600000e+000  1.3606202e+000
  4.4700000e+000  1.0022341e+000
  4.4800000e+000  1.3876760e+000
  4.4900000e+000  7.2847308e-001
  4.5000000e+000  5.5619320e-001
  4.5100000e+000  8.4582318e-001
  4.5200000e+000  1.0633165e+000
  4.5300000e+000  9.6990117e-001
  4.5400000e+000  9.3651324e-001
  4.5500000e+000  9.8072968e-001
  4.5600000e+000  1.2490099e+000
  4.5700000e+000  6.1838202e-001
  4.5800000e+000  9.4349887e-001
  4.5900000e+000  8.7093658e-001
  4.6000000e+000  8.6524322e-001
  4.6100000e+000  6.0112217e-001
  4.6200000e+000  1.0076195e+000
  4.6300000e+000  1.1029000e+000
  4.6400000e+000  8.9808116e-001
  4.6500000e+000  7.2953903e-001
  4.6600000e+000  1.2954908e+000
  4.6700000e+000  9.9545187e-001
  4.6800000e+000  9.6581150e-001
  4.6900000e+000  6.4634115e-001
  4.7000000e+000  7.8573898e-001
  4.7100000e+000  6.8450955e-001
  4.7200000e+000  1.2878108e+000
  4.7300000e+000  1.1275138e+000
  4.7400000e+000  8.6753146e-001
  4.7500000e+000  8.9765537e-001
  4.7600000e+000  1.0509132e+000
  4.7700000e+000  9.4220779e-001
  4.7800000e+000  1.0912771e+000
  4.7900000e+000  9.9825316e-001
  4.8000000e+000  4.4958357e-001
  4.8100000e+000  1.2076827e+000
  4.8200000e+000  8.0775744e-001
  4.8300000e+000  1.0042477e+000
  4.8400000e+000  9.6347932e-001
  4.8500000e+000  9.1404885e-001
  4.8600000e+000  5.0106781e-001
  4.8700000e+000  7.9097354e-001
  4.8800000e+000  8.3311572e-001
  4.8900000e+000  9.1373730e-001
  4.9000000e+000  5.4837187e-001
  4.9100000e+000  5.7702348e-001
  4.9200000e+000  1.2520057e+000
  4.9300000e+000  6.7578978e-001
  4.9400000e+000  1.0842014e+000
  4.9500000e+000  6.7659505e-001
  4.9600000e+000  1.1795563e+000
  4.9700000e+000  7.9516377e-001
  4.9800000e+000  5.0898952e-001
  4.9900000e+000  1.1206523e+000
  5.0000000e+000  8.4102560e-001
  5.0100000e+000  5.3955569e-001
  5.0200000e+000  1.0348075e+000
  5.0300000e+000  1.0014729e+000
  5.0400000e+000  6.9714329e-001
  5.0500000e+000  7.3597967e-001
  5.0600000e+000  8.6895882e-001
  5.0700000e+000  1.0031375e+000
  5.0800000e+000  7.3602281e-001
  5.0900000e+000  8.1562488e-001
  5.1000000e+000  7.0457050e-001
  5.1100000e+000  8.9333899e-001
  5.1200000e+000  6.9899693e-001
  5.1300000e+000  5.3541305e-001
  5.1400000e+000  5.6804257e-001
  5.1500000e+000  6.1584768e-001
  5.1600000e+000  1.2938831e+000
  5.1700000e+000  1.0618144e+000
  5.1800000e+000  8.4529296e-001
  5.1900000e+000  1.0029087e+000
  5.2000000e+000  4.9936087e-001
  5.2100000e+000  7.6578673e-001
  5.2200000e+000  1.1435285e+000
  5.2300000e+000  8.2687429e-001
  5.2400000e+000  4.7567290e-001
  5.2500000e+000  8.4875106e-001
  5.2600000e+000  9.0669936e-001
  5.2700000e+000  9.3735485e-001
  5.2800000e+000  8.1325667e-001
  5.2900000e+000  7.0652114e-001
  5.3000000e+000  8.9462808e-001
  5.3100000e+000  9.7943623e-001
  5.3200000e+000  7.4361776e-001
  5.3300000e+000  8.2666146e-001
  5.3400000e+000  6.8084371e-001
  5.3500000e+000  7.5760380e-001
  5.3600000e+000  7.4902784e-001
  5.3700000e+000  8.9495365e-001
  5.3800000e+000  1.0017949e+000
  5.3900000e+000  9.8312454e-001
  5.4000000e+000  9.5449041e-001
  5.4100000e+000  6.2207749e-001
  5.4200000e+000  6.2395131e-001
  5.4300000e+000  8.1299386e-001
  5.4400000e+000  8.3843846e-001
  5.4500000e+000  7.2885993e-001
  5.4600000e+000  5.8392906e-001
  5.4700000e+000  7.9757374e-001
  5.4800000e+000  1.1614582e+000
  5.4900000e+000  6.7204999e-001
  5.5000000e+000  5.4302752e-001
  5.5100000e+000  8.9650620e-001
  5.5200000e+000  3.5314258e-001
  5.5300000e+000  1.2232027e+000
  5.5400000e+000  8.9449343e-001
  5.5500000e+000  8.2266378e-001
  5.5600000e+000  7.2611230e-001
  5.5700000e+000  1.1621845e+000
  5.5800000e+000  8.7057137e-001
  5.5900000e+000  4.3568548e-001
  5.6000000e+000  5.0511389e-001
  5.6100000e+000  3.5002931e-001
  5.6200000e+000  7.8251674e-001
  5.6300000e+000  6.8031180e-001
  5.6400000e+000  7.2565584e-001
  5.6500000e+000  5.9427433e-001
  5.6600000e+000  7.5423501e-001
  5.6700000e+000  1.2951170e+000
  5.6800000e+000  6.9538110e-001
  5.6900000e+000  1.0502103e+000
  5.7000000e+000  1.0139948e+000
  5.7100000e+000  9.1439133e-001
  5.7200000e+000  7.2579389e-001
  5.7300000e+000  7.1211012e-001
  5.7400000e+000  6.5571473e-001
  5.7500000e+000  5.4565810e-001
  5.7600000e+000  4.4626111e-001
  5.7700000e+000  1.0529860e+000
  5.7800000e+000  6.9695466e-001
  5.7900000e+000  8.1233586e-001
  5.8000000e+000  8.9155304e-001
  5.8100000e+000  1.1107718e+000
  5.8200000e+000  6.8277157e-001
  5.8300000e+000  7.8410171e-001
  5.8400000e+000  7.0714649e-001
  5.8500000e+000  8.0943327e-001
  5.8600000e+000  9.6466723e-001
  5.8700000e+000  1.3055117e+000
  5.8800000e+000  6.4065575e-001
  5.8900000e+000  7.3649435e-001
  5.9000000e+000  9.8007532e-001
  5.9100000e+000  6.6301880e-001
  5.9200000e+000  9.1814337e-001
  5.9300000e+000  9.0763828e-001
  5.9400000e+000  7.0388298e-001
  5.9500000e+000  3.7245659e-001
  5.9600000e+000  6.1737884e-001
  5.9700000e+000  6.4699238e-001
  5.9800000e+000  7.9027834e-001
  5.9900000e+000  5.4451727e-001
  6.0000000e+000  1.1591072e+000
  6.0100000e+000  7.1472384e-001
  6.0200000e+000  4.7999327e-001
  6.0300000e+000  9.8907368e-001
  6.0400000e+000  9.9445863e-001
  6.0500000e+000  6.0541156e-001
  6.0600000e+000  3.9489300e-001
  6.0700000e+000  7.5873238e-001
  6.0800000e+000  7.2083466e-001
  6.0900000e+000  1.1176194e+000
  6.1000000e+000  9.9191551e-001
  6.1100000e+000  7.5857543e-001
  6.1200000e+000  8.2750196e-001
  6.1300000e+000  4.3428226e-001
  6.1400000e+000  5.4849178e-001
  6.1500000e+000  1.0785236e+000
  6.1600000e+000  5.4014503e-001
  6.1700000e+000  9.9960224e-001
  6.1800000e+000  1.0024175e+000
  6.1900000e+000  9.1451097e-001
  6.2000000e+000  7.1787180e-001
  6.2100000e+000  7.3661694e-001
  6.2200000e+000  1.1952607e+000
  6.2300000e+000  6.4078132e-001
  6.2400000e+000  7.7419148e-001
  6.2500000e+000  8.4644035e-001
  6.2600000e+000  1.1527958e+000
  6.2700000e+000  5.5449823e-001
  6.2800000e+000  9.7003763e-001
  6.2900000e+000  9.2000905e-001
  6.3000000e+000  5.4522560e-001
  6.3100000e+000  8.7259471e-001
  6.3200000e+000  1.0053764e+000
  6.3300000e+000  4.6193321e-001
  6.3400000e+000  7.4342654e-001
  6.3500000e+000  1.0489587e+000
  6.3600000e+000  1.2608354e+000
  6.3700000e+000  9.1185671e-001
  6.3800000e+000  7.2035802e-001
  6.3900000e+000  6.3668564e-001
  6.4000000e+000  7.4396607e-001
  6.4100000e+000  4.5308644e-001
  6.4200000e+000  1.0582908e+000
  6.4300000e+000  8.7580656e-001
  6.4400000e+000  4.8657812e-001
  6.4500000e+000  8.2219663e-001
  6.4600000e+000  1.1588043e+000
  6.4700000e+000  3.8336818e-001
  6.4800000e+000  1.0166037e+000
  6.4900000e+000  7.5446896e-001
  6.5000000e+000  9.6827698e-001
  6.5100000e+000  5.8019123e-001
  6.5200000e+000  9.0365884e-001
  6.5300000e+000  3.0453919e-001
  6.5400000e+000  5.9138177e-001
  6.5500000e+000  5.1126169e-001
  6.5600000e+000  6.3815293e-001
  6.5700000e+000  8.5989732e-001
  6.5800000e+000  6.8055615e-001
  6.5900000e+000  4.9061507e-001
  6.6000000e+000  8.3219537e-001
  6.6100000e+000  1.0142089e+000
  6.6200000e+000  4.8393890e-001
  6.6300000e+000  9.1560074e-001
  6.6400000e+000  6.9688558e-001
  6.6500000e+000  6.2065216e-001
  6.6600000e+000  7.2140612e-001
  6.6700000e+000  1.0419900e+000
  6.6800000e+000  7.5969117e-001
  6.6900000e+000  8.4895412e-001
  6.7000000e+000  7.8372400e-001
  6.7100000e+000  7.1045126e-001
  6.7200000e+000  6.0432116e-001
  6.7300000e+000  6.8502255e-001
  6.7400000e+000  1.0688311e+000
  6.7500000e+000  4.0503619e-001
  6.7600000e+000  7.0079519e-001
  6.7700000e+000  6.2221436e-001
  6.7800000e+000  6.7272201e-001
  6.7900000e+000  6.6903177e-001
  6.8000000e+000  5.3002259e-001
  6.8100000e+000  4.4626982e-001
  6.8200000e+000  5.6484446e-001
  6.8300000e+000  6.8792490e-001
  6.8400000e+000  1.3359219e+000
  6.8500000e+000  3.7689643e-001
  6.8600000e+000  5.2891032e-001
  6.8700000e+000  7.6590986e-001
  6.8800000e+000  8.0872295e-001
  6.8900000e+000  6.2876532e-001
  6.9000000e+000  1.0512032e+000
  6.9100000e+000  8.8521727e-001
  6.9200000e+000  7.2438398e-001
  6.9300000e+000  7.8337390e-001
  6.9400000e+000  7.8106564e-001
  6.9500000e+000  5.7703034e-001
  6.9600000e+000  8.7675292e-001
  6.9700000e+000  1.0602069e+000
  6.9800000e+000  8.9715556e-001
  6.9900000e+000  8.1619508e-001
  7.0000000e+000  1.0676217e+000
  7.0100000e+000  3.7053613e-001
  7.0200000e+000  6.7486255e-001
  7.0300000e+000  7.8008767e-001
  7.0400000e+000  6.6533241e-001
  7.0500000e+000  3.8824526e-001
  7.0600000e+000  9.2116585e-001
  7.0700000e+000  6.5971165e-001
  7.0800000e+000  6.3269342e-001
  7.0900000e+000  8.6486198e-001
  7.1000000e+000  6.7512883e-001
  7.1100000e+000  9.7499658e-001
  7.1200000e+000  7.8925424e-001
  7.1300000e+000  8.8562916e-001
  7.1400000e+000  6.2174148e-001
  7.1500000e+000  9.2403667e-001
  7.1600000e+000  7.6739561e-001
  7.1700000e+000  6.3958276e-001
  7.1800000e+000  8.2029308e-001
  7.1900000e+000  7.4742001e-001
  7.2000000e+000  3.1320640e-001
  7.2100000e+000  7.9396272e-001
  7.2200000e+000  1.0407269e+000
  7.2300000e+000  5.0564400e-001
  7.2400000e+000  3.2726226e-001
  7.2500000e+000  5.3985692e-001
  7.2600000e+000  6.7620151e-001
  7.2700000e+000  8.4162268e-001
  7.2800000e+000  6.2629135e-001
  7.2900000e+000  1.0564633e+000
  7.3000000e+000  2.5514154e-001
  7.3100000e+000  4.4522420e-001
  7.3200000e+000  9.0048762e-001
  7.3300000e+000  7.3344735e-001
  7.3400000e+000  9.6466849e-001
  7.3500000e+000  7.9166120e-001
  7.3600000e+000  6.6629612e-001
  7.3700000e+000  8.3276928e-001
  7.3800000e+000  8.3558083e-001
  7.3900000e+000  1.0899666e+000
  7.4000000e+000  6.9597753e-001
  7.4100000e+000  9.8929787e-001
  7.4200000e+000  5.6761654e-001
  7.4300000e+000  7.2404880e-001
  7.4400000e+000  5.9398512e-001
  7.4500000e+000  7.8282050e-001
  7.4600000e+000  5.9363617e-001
  7.4700000e+000  5.8660909e-001
  7.4800000e+000  7.9881679e-001
  7.4900000e+000  9.4572286e-001
  7.5000000e+000  6.3836761e-001
  7.5100000e+000  1.0148447e+000
  7.5200000e+000  9.9305811e-001
  7.5300000e+000  7.3170451e-001
  7.5400000e+000  1.1153771e+000
  7.5500000e+000  1.0587471e+000
  7.5600000e+000  6.4237582e-001
  7.5700000e+000  8.7094801e-001
  7.5800000e+000  5.9970312e-001
  7.5900000e+000  8.9924103e-001
  7.6000000e+000  7.8239434e-001
  7.6100000e+000  4.9039679e-001
  7.6200000e+000  9.8993400e-001
  7.6300000e+000  7.1988314e-001
  7.6400000e+000  9.1347686e-001
  7.6500000e+000  7.7516564e-001
  7.6600000e+000  7.5178916e-001
  7.6700000e+000  7.9642332e-001
  7.6800000e+000  6.1177570e-001
  7.6900000e+000  7.1026322e-001
  7.7000000e+000  7.1169533e-001
  7.7100000e+000  7.3656730e-001
  7.7200000e+000  6.6476854e-001
  7.7300000e+000  5.0024479e-001
  7.7400000e+000  6.3328374e-001
  7.7500000e+000  9.0354157e-001
  7.7600000e+000  9.0032427e-001
  7.7700000e+000  3.9995025e-001
  7.7800000e+000  4.5883199e-001
  7.7900000e+000  8.2833991e-001
  7.8000000e+000  9.3616027e-001
  7.8100000e+000  7.5518410e-001
  7.8200000e+000  7.2018304e-001
  7.8300000e+000  6.8859429e-001
  7.8400000e+000  7.5604100e-001
  7.8500000e+000  9.1547365e-001
  7.8600000e+000  9.7853663e-001
  7.8700000e+000  6.9742111e-001
  7.8800000e+000  9.0664707e-001
  7.8900000e+000  5.3497296e-001
  7.9000000e+000  7.0862223e-001
  7.9100000e+000  5.8769828e-001
  7.9200000e+000  1.0209624e+000
  7.9300000e+000  6.9099409e-001
  7.9400000e+000  7.5113756e-001
  7.9500000e+000  9.9093267e-001
  7.9600000e+000  4.0065185e-001
  7.9700000e+000  7.8980207e-001
  7.9800000e+000  3.6617387e-001
  7.9900000e+000  9.9848659e-001
  8.0000000e+000  7.6725618e-001
  8.0100000e+000  8.3154866e-001
  8.0200000e+000  9.6963277e-001
  8.0300000e+000  3.9987893e-001
  8.0400000e+000  9.9472290e-001
  8.0500000e+000  2.5592057e-001
  8.0600000e+000  1.3467496e+000
  8.0700000e+000  5.4424150e-001
  8.0800000e+000  5.2766787e-001
  8.0900000e+000  9.3897863e-001
  8.1000000e+000  7.8199605e-001
  8.1100000e+000  9.7191645e-001
  8.1200000e+000  1.0816972e+000
  8.1300000e+000  5.9651528e-001
  8.1400000e+000  2.4746191e-001
  8.1500000e+000  7.7186656e-001
  8.1600000e+000  1.0254695e+000
  8.1700000e+000  5.5726195e-001
  8.1800000e+000  8.0051231e-001
  8.1900000e+000  9.9798380e-001
  8.2000000e+000  7.9449976e-001
  8.2100000e+000  8.1997284e-001
  8.2200000e+000  4.5462319e-001
  8.2300000e+000  8.5682704e-001
  8.2400000e+000  8.1166309e-001
  8.2500000e+000  8.1786829e-001
  8.2600000e+000  7.7178708e-001
  8.2700000e+000  4.6686361e-001
  8.2800000e+000  6.8620608e-001
  8.2900000e+000  9.8281644e-001
  8.3000000e+000  9.8574144e-001
  8.3100000e+000  4.6114596e-001
  8.3200000e+000  6.4476822e-001
  8.3300000e+000  7.7153439e-001
  8.3400000e+000  1.0353245e+000
  8.3500000e+000  7.9806166e-001
  8.3600000e+000  7.6471054e-001
  8.3700000e+000  6.1819045e-001
  8.3800000e+000  1.0101891e+000
  8.3900000e+000  9.3541601e-001
  8.4000000e+000  6.0102007e-001
  8.4100000e+000  1.0139220e+000
  8.4200000e+000  6.6251887e-001
  8.4300000e+000  9.3667552e-001
  8.4400000e+000  8.1152724e-001
  8.4500000e+000  7.6215696e-001
  8.4600000e+000  7.1787754e-001
  8.4700000e+000  5.6077661e-001
  8.4800000e+000  7.2986934e-001
  8.4900000e+000  9.0015022e-001
  8.5000000e+000  1.2182122e+000
  8.5100000e+000  7.7315350e-001
  8.5200000e+000  4.8242119e-001
  8.5300000e+000  6.5558165e-001
  8.5400000e+000  8.9304885e-001
  8.5500000e+000  8.5937210e-001
  8.5600000e+000  9.1559775e-001
  8.5700000e+000  1.1425433e+000
  8.5800000e+000  6.3797601e-001
  8.5900000e+000  6.4859184e-001
  8.6000000e+000  4.6336214e-001
  8.6100000e+000  7.0833273e-001
  8.6200000e+000  9.2447730e-001
  8.6300000e+000  7.1239282e-001
  8.6400000e+000  5.5621168e-001
  8.6500000e+000  1.0066789e+000
  8.6600000e+000  9.2780475e-001
  8.6700000e+000  7.1223722e-001
  8.6800000e+000  8.5281676e-001
  8.6900000e+000  7.3729478e-001
  8.7000000e+000  8.9478768e-001
  8.7100000e+000  4.6902400e-001
  8.7200000e+000  6.2703938e-001
  8.7300000e+000  5.7450350e-001
  8.7400000e+000  8.2828394e-001
  8.7500000e+000  7.3791374e-001
  8.7600000e+000  1.1217991e+000
  8.7700000e+000  6.6846473e-001
  8.7800000e+000  8.3341288e-001
  8.7900000e+000  4.9880640e-001
  8.8000000e+000  5.9875529e-001
  8.8100000e+000  5.5189949e-001
  8.8200000e+000  5.4371390e-001
  8.8300000e+000  8.0994407e-001
  8.8400000e+000  6.5954733e-001
  8.8500000e+000  6.3394360e-001
  8.8600000e+000  8.2339925e-001
  8.8700000e+000  7.4092162e-001
  8.8800000e+000  3.8669904e-001
  8.8900000e+000  8.2764316e-001
  8.9000000e+000  5.9710203e-001
  8.9100000e+000  6.3268865e-001
  8.9200000e+000  6.9808751e-001
  8.9300000e+000  8.9124797e-001
  8.9400000e+000  8.1723347e-001
  8.9500000e+000  6.2943826e-001
  8.9600000e+000  6.0832153e-001
  8.9700000e+000  7.1704853e-001
  8.9800000e+000  4.6260907e-001
  8.9900000e+000  7.0005753e-001
  9.0000000e+000  6.4418606e-001
  9.0100000e+000  8.1179134e-001
  9.0200000e+000  1.0305591e+000
  9.0300000e+000  1.0115595e+000
  9.0400000e+000  4.6617341e-001
  9.0500000e+000  9.4559363e-001
  9.0600000e+000  7.6440004e-001
  9.0700000e+000  5.7412780e-001
  9.0800000e+000  6.8223699e-001
  9.0900000e+000  5.0690490e-001
  9.1000000e+000  8.2718388e-001
  9.1100000e+000  7.9697527e-001
  9.1200000e+000  5.5738523e-001
  9.1300000e+000  7.6967349e-001
  9.1400000e+000  9.6083290e-001
  9.1500000e+000  9.1652145e-001
  9.1600000e+000  9.2016390e-001
  9.1700000e+000  7.3587473e-001
  9.1800000e+000  6.8283288e-001
  9.1900000e+000  1.0742789e+000
  9.2000000e+000  7.6872965e-001
  9.2100000e+000  1.1279511e+000
  9.2200000e+000  7.7748862e-001
  9.2300000e+000  8.8903681e-001
  9.2400000e+000  8.6328464e-001
  9.2500000e+000  5.8236422e-001
  9.2600000e+000  4.0935416e-001
  9.2700000e+000  8.3340759e-001
  9.2800000e+000  5.2065175e-001
  9.2900000e+000  8.3856680e-001
  9.3000000e+000  1.6407203e-001
  9.3100000e+000  3.9279256e-001
  9.3200000e+000  9.3344682e-001
  9.3300000e+000  9.8175883e-001
  9.3400000e+000  1.0581692e+000
  9.3500000e+000  3.9006754e-001
  9.3600000e+000  6.5875580e-001
  9.3700000e+000  1.0164458e+000
  9.3800000e+000  6.2562056e-001
  9.3900000e+000  5.0660083e-001
  9.4000000e+000  7.4126373e-001
  9.4100000e+000  8.6638367e-001
  9.4200000e+000  5.9815018e-001
  9.4300000e+000  1.1785096e+000
  9.4400000e+000  7.8121403e-001
  9.4500000e+000  1.2398165e+000
  9.4600000e+000  7.2000597e-001
  9.4700000e+000  7.2193142e-001
  9.4800000e+000  5.3356802e-001
  9.4900000e+000  6.4904778e-001
  9.5000000e+000  6.1719917e-001
  9.5100000e+000  8.4489344e-001
  9.5200000e+000  3.2143748e-001
  9.5300000e+000  9.2904147e-001
  9.5400000e+000  7.6327118e-001
  9.5500000e+000  9.8724367e-001
  9.5600000e+000  8.9010388e-001
  9.5700000e+000  1.0583296e+000
  9.5800000e+000  8.4298581e-001
  9.5900000e+000  4.7172590e-001
  9.6000000e+000  6.7637747e-001
  9.6100000e+000  8.1274116e-001
  9.6200000e+000  9.7766608e-001
  9.6300000e+000  7.0277847e-001
  9.6400000e+000  5.2539318e-001
  9.6500000e+000  7.2279497e-001
  9.6600000e+000  9.0529828e-001
  9.6700000e+000  4.0569868e-001
  9.6800000e+000  9.3591351e-001
  9.6900000e+000  9.2787934e-001
  9.7000000e+000  5.5494761e-001
  9.7100000e+000  5.0098001e-001
  9.7200000e+000  5.1910370e-001
  9.7300000e+000  6.9432982e-001
  9.7400000e+000  5.2662397e-001
  9.7500000e+000  6.6663311e-001
  9.7600000e+000  7.0783609e-001
  9.7700000e+000  7.8812857e-001
  9.7800000e+000  8.7686631e-001
  9.7900000e+000  7.1935014e-001
  9.8000000e+000  2.9935195e-001
  9.8100000e+000  8.9898379e-001
  9.8200000e+000  1.7447136e-001
  9.8300000e+000  7.7907816e-001
  9.8400000e+000  6.9480204e-001
  9.8500000e+000  5.5555836e-001
  9.8600000e+000  5.0504964e-001
  9.8700000e+000  7.1252848e-001
  9.8800000e+000  6.9801714e-001
  9.8900000e+000  7.5520925e-001
  9.9000000e+000  9.1449647e-001
  9.9100000e+000  5.9814568e-001
  9.9200000e+000  8.4692516e-001
  9.9300000e+000  5.2242340e-001
  9.9400000e+000  1.1372163e+000
  9.9500000e+000  1.1173172e+000
  9.9600000e+000  5.1407314e-001
  9.9700000e+000  8.5433471e-001
  9.9800000e+000  6.9323356e-001
  9.9900000e+000  3.2566074e-001
  1.0000000e+001  1.0474072e+000
  1.0010000e+001  4.6396033e-001
  1.0020000e+001  1.1139715e+000
  1.0030000e+001  8.5090800e-001
  1.0040000e+001  8.0253349e-001
  1.0050000e+001  9.1882390e-001
  1.0060000e+001  6.6052268e-001
  1.0070000e+001  9.1723713e-001
  1.0080000e+001  1.2480289e+000
  1.0090000e+001  8.1730498e-001
  1.0100000e+001  1.0515130e+000
  1.0110000e+001  3.0264050e-001
  1.0120000e+001  6.0451220e-001
  1.0130000e+001  6.8707184e-001
  1.0140000e+001  6.8450732e-001
  1.0150000e+001  5.2246727e-001
  1.0160000e+001  5.1308842e-001
  1.0170000e+001  4.3013954e-001
  1.0180000e+001  7.0160084e-001
  1.0190000e+001  5.6928117e-001
  1.0200000e+001  4.9299883e-001
  1.0210000e+001  3.8372203e-001
  1.0220000e+001  8.4466169e-001
  1.0230000e+001  7.7967626e-001
  1.0240000e+001  4.2921052e-001
  1.0250000e+001  1.1486049e+000
  1.0260000e+001  8.7231822e-001
  1.0270000e+001  8.0816715e-001
  1.0280000e+001  6.2057060e-001
  1.0290000e+001  8.4911376e-001
  1.0300000e+001  1.0239518e+000
  1.0310000e+001  3.4915340e-001
  1.0320000e+001  8.0898151e-001
  1.0330000e+001  5.8665262e-001
  1.0340000e+001  6.9179436e-001
  1.0350000e+001  9.3553334e-001
  1.0360000e+001  4.5000080e-001
  1.0370000e+001  3.8500577e-001
  1.0380000e+001  6.5868313e-001
  1.0390000e+001  7.8756461e-001
  1.0400000e+001  5.5071713e-001
  1.0410000e+001  8.3970469e-001
  1.0420000e+001  9.8816514e-001
  1.0430000e+001  4.8101860e-001
  1.0440000e+001  6.5461539e-001
  1.0450000e+001  7.4470431e-001
  1.0460000e+001  7.5467185e-001
  1.0470000e+001  7.3210330e-001
  1.0480000e+001  6.9275575e-001
  1.0490000e+001  5.4359344e-001
  1.0500000e+001  8.7264907e-001
  1.0510000e+001  1.0527024e+000
  1.0520000e+001  8.3376355e-001
  1.0530000e+001  9.3492808e-001
  1.0540000e+001  6.7065987e-001
  1.0550000e+001  7.3247799e-001
  1.0560000e+001  7.8475434e-001
  1.0570000e+001  5.6071705e-001
  1.0580000e+001  6.2076309e-001
  1.0590000e+001  9.2837687e-001
  1.0600000e+001  7.6367737e-001
  1.0610000e+001  5.0103285e-001
  1.0620000e+001  6.3429043e-001
  1.0630000e+001  1.1657161e+000
  1.0640000e+001  7.3956935e-001
  1.0650000e+001  5.7029676e-001
  1.0660000e+001  9.5867814e-001
  1.0670000e+001  8.9415161e-001
  1.0680000e+001  9.3769568e-001
  1.0690000e+001  6.3397966e-001
  1.0700000e+001  1.0379856e+000
  1.0710000e+001  1.2082304e+000
  1.0720000e+001  4.2767889e-001
  1.0730000e+001  2.6352014e-001
  1.0740000e+001  7.5522383e-001
  1.0750000e+001  8.9393510e-001
  1.0760000e+001  7.5523769e-001
  1.0770000e+001  5.0512024e-001
  1.0780000e+001  1.3801490e+000
  1.0790000e+001  1.0300047e+000
  1.0800000e+001  9.6144063e-001
  1.0810000e+001  3.1452073e-001
  1.0820000e+001  9.9308964e-001
  1.0830000e+001  6.0352686e-001
  1.0840000e+001  1.0066658e+000
  1.0850000e+001  7.1230748e-001
  1.0860000e+001  7.7755125e-001
  1.0870000e+001  4.0628909e-001
  1.0880000e+001  9.9425867e-001
  1.0890000e+001  6.9738087e-001
  1.0900000e+001  5.5357173e-001
  1.0910000e+001  7.6073070e-001
  1.0920000e+001  6.8161194e-001
  1.0930000e+001  9.7259440e-001
  1.0940000e+001  9.4698430e-001
  1.0950000e+001  4.2164894e-001
  1.0960000e+001  1.0162517e+000
  1.0970000e+001  5.0702068e-001
  1.0980000e+001  9.0294328e-001
  1.0990000e+001  7.2643870e-001
  1.1000000e+001  4.2682089e-001
  1.1010000e+001  9.7152340e-001
  1.1020000e+001  5.6935110e-001
  1.1030000e+001  1.1146223e+000
  1.1040000e+001  8.4224975e-001
  1.1050000e+001  8.5798233e-001
  1.1060000e+001  6.3542208e-001
  1.1070000e+001  8.4821138e-001
  1.1080000e+001  8.0325641e-001
  1.1090000e+001  7.2556492e-001
  1.1100000e+001  7.6864348e-001
  1.1110000e+001  3.3620991e-001
  1.1120000e+001  6.7972037e-001
  1.1130000e+001  5.6730524e-001
  1.1140000e+001  8.1457155e-001
  1.1150000e+001  5.9322405e-001
  1.1160000e+001  5.0442382e-001
  1.1170000e+001  7.4290700e-001
  1.1180000e+001  9.4263415e-001
  1.1190000e+001  4.2600804e-001
  1.1200000e+001  8.1160109e-001
  1.1210000e+001  9.3361174e-001
  1.1220000e+001  7.5077977e-001
  1.1230000e+001  4.0385808e-001
  1.1240000e+001  7.3101846e-001
  1.1250000e+001  6.8498608e-001
  1.1260000e+001  3.9193514e-001
  1.1270000e+001  7.5818001e-001
  1.1280000e+001  7.4000615e-001
  1.1290000e+001  7.4814583e-001
  1.1300000e+001  2.2443575e-001
  1.1310000e+001  6.7023755e-001
  1.1320000e+001  1.0765070e+000
  1.1330000e+001  4.4573802e-001
  1.1340000e+001  3.6504563e-001
  1.1350000e+001  5.3060470e-001
  1.1360000e+001  9.8828880e-001
  1.1370000e+001  7.7450140e-001
  1.1380000e+001  5.5681804e-001
  1.1390000e+001  1.0047063e+000
  1.1400000e+001  5.6485448e-001
  1.1410000e+001  9.5164498e-001
  1.1420000e+001  6.0081372e-001
  1.1430000e+001  7.2313519e-001
  1.1440000e+001  7.2454945e-001
  1.1450000e+001  6.4841602e-001
  1.1460000e+001  6.7329138e-001
  1.1470000e+001  9.4544123e-001
  1.1480000e+001  8.7650141e-001
  1.1490000e+001  5.1923270e-001
  1.1500000e+001  7.0131193e-001
  1.1510000e+001  6.7177261e-001
  1.1520000e+001  1.0618507e+000
  1.1530000e+001  1.0428012e+000
  1.1540000e+001  6.8990472e-001
  1.1550000e+001  1.0048411e+000
  1.1560000e+001  8.1796508e-001
  1.1570000e+001  8.3264953e-001
  1.1580000e+001  9.4818144e-001
  1.1590000e+001  9.5821808e-001
  1.1600000e+001  9.2061219e-001
  1.1610000e+001  8.4649670e-001
  1.1620000e+001  9.8512615e-001
  1.1630000e+001  1.8293647e-001
  1.1640000e+001  3.6345122e-001
  1.1650000e+001  9.3357448e-001
  1.1660000e+001  5.6880274e-001
  1.1670000e+001  7.8062588e-001
  1.1680000e+001  7.4951579e-001
  1.1690000e+001  8.3725244e-001
  1.1700000e+001  1.0398343e+000
  1.1710000e+001  7.5178365e-001
  1.1720000e+001  7.0455708e-001
  1.1730000e+001  7.3634105e-001
  1.1740000e+001  6.2573893e-001
  1.1750000e+001  9.7085379e-001
  1.1760000e+001  9.9968805e-001
  1.1770000e+001  8.4023673e-001
  1.1780000e+001  6.2948556e-001
  1.1790000e+001  6.5222376e-001
  1.1800000e+001  1.0622277e+000
  1.1810000e+001  9.0891153e-001
  1.1820000e+001  5.7633746e-001
  1.1830000e+001  5.0213965e-001
  1.1840000e+001  6.4508986e-001
  1.1850000e+001  9.2710050e-001
  1.1860000e+001  5.7224194e-001
  1.1870000e+001  9.4426216e-001
  1.1880000e+001  5.3978164e-001
  1.1890000e+001  7.7252745e-001
  1.1900000e+001  8.4930971e-001
  1.1910000e+001  2.5128587e-001
  1.1920000e+001  1.0382456e+000
  1.1930000e+001  6.3643908e-001
  1.1940000e+001  9.3241688e-001
  1.1950000e+001  7.6953622e-001
  1.1960000e+001  1.0242116e+000
  1.1970000e+001  5.9762736e-001
  1.1980000e+001  9.5374625e-001
  1.1990000e+001  8.8774749e-001
  1.2000000e+001  6.6761325e-001
  1.2010000e+001  8.3978985e-001
  1.2020000e+001  5.4981946e-001
  1.2030000e+001  1.0835954e+000
  1.2040000e+001  5.6240346e-001
  1.2050000e+001  1.0637975e+000
  1.2060000e+001  9.2680649e-001
  1.2070000e+001  1.4222972e+000
  1.2080000e+001  9.0500166e-001
  1.2090000e+001  9.3292075e-001
  1.2100000e+001  8.4825895e-001
  1.2110000e+001  8.2580196e-001
  1.2120000e+001  8.5782940e-001
  1.2130000e+001  1.1488425e+000
  1.2140000e+001  9.6920153e-001
  1.2150000e+001  8.7913504e-001
  1.2160000e+001  7.5026167e-001
  1.2170000e+001  7.5450098e-001
  1.2180000e+001  6.2049744e-001
  1.2190000e+001  7.8353535e-001
  1.2200000e+001  6.0274014e-001
  1.2210000e+001  6.3312259e-001
  1.2220000e+001  6.4833222e-001
  1.2230000e+001  7.1746860e-001
  1.2240000e+001  3.2649103e-001
  1.2250000e+001  1.0944661e+000
  1.2260000e+001  1.0941290e+000
  1.2270000e+001  5.4400003e-001
  1.2280000e+001  9.4264784e-001
  1.2290000e+001  1.1776036e+000
  1.2300000e+001  6.1235488e-001
  1.2310000e+001  1.0605520e+000
  1.2320000e+001  9.3727110e-001
  1.2330000e+001  5.5025672e-001
  1.2340000e+001  4.7989309e-001
  1.2350000e+001  8.4215152e-001
  1.2360000e+001  6.1161260e-001
  1.2370000e+001  5.4514456e-001
  1.2380000e+001  5.9723811e-001
  1.2390000e+001  4.3009223e-001
  1.2400000e+001  8.4570789e-001
  1.2410000e+001  7.6395758e-001
  1.2420000e+001  4.4236443e-001
  1.2430000e+001  6.3616440e-001
  1.2440000e+001  5.5966198e-001
  1.2450000e+001  8.4598421e-001
  1.2460000e+001  9.1672559e-001
  1.2470000e+001  7.0857311e-001
  1.2480000e+001  6.1797950e-001
  1.2490000e+001  5.0330361e-001
  1.2500000e+001  9.7572335e-001
