  0.0000000e+000  2.3289960e-001
  1.0000000e-002  1.6168520e-001
  2.0000000e-002 -4.3226912e-001
  3.0000000e-002  1.7344968e-001
  4.0000000e-002 -3.5780995e-001
  5.0000000e-002  1.3161226e-001
  6.0000000e-002  2.2946599e-002
  7.0000000e-002 -1.0392150e-001
  8.0000000e-002 -2.6125873e-001
  9.0000000e-002  2.2798810e-001
  1.0000000e-001 -4.6243442e-001
  1.1000000e-001  1.2005936e-002
  1.2000000e-001 -2.1438811e-001
  1.3000000e-001  1.3909870e-001
  1.4000000e-001 -1.2325500e-001
  1.5000000e-001  1.3359710e-001
  1.6000000e-001  3.5011336e-002
  1.7000000e-001 -6.7658634e-002
  1.8000000e-001 -3.4235504e-001
  1.9000000e-001 -2.2821993e-001
  2.0000000e-001 -4.9536034e-001
  2.1000000e-001 -1.4825684e-001
  2.2000000e-001 -5.0561571e-001
  2.3000000e-001  3.3807633e-001
  2.4000000e-001 -1.0893292e-001
  2.5000000e-001 -1.6820309e-001
  2.6000000e-001 -7.4390130e-002
  2.7000000e-001  1.1640420e-001
  2.8000000e-001  4.3992699e-002
  2.9000000e-001 -3.2037328e-002
  3.0000000e-001 -2.2235597e-001
  3.1000000e-001 -6.4854180e-001
  3.2000000e-001 -4.2190627e-001
  3.3000000e-001 -3.0265323e-001
  3.4000000e-001 -4.5699308e-001
  3.5000000e-001 -2.8139959e-001
  3.6000000e-001  1.7830174e-002
  3.7000000e-001 -2.4344003e-001
  3.8000000e-001 -1.2084302e-001
  3.9000000e-001 -1.7394340e-001
  4.0000000e-001  1.0499478e-002
  4.1000000e-001 -3.3644661e-001
  4.2000000e-001  6.4807875e-002
  4.3000000e-001  1.5432887e-001
  4.4000000e-001  2.8319776e-001
  4.5000000e-001 -1.1129933e-001
  4.6000000e-001  8.5553944e-002
  4.7000000e-001 -2.7714764e-001
  4.8000000e-001 -1.0951298e-001
  4.9000000e-001  2.4164579e-001
  5.0000000e-001 -1.1284508e-001
  5.1000000e-001 -2.0969618e-001
  5.2000000e-001 -9.5523018e-002
  5.3000000e-001 -3.6886690e-001
  5.4000000e-001 -2.1913124e-002
  5.5000000e-001 -7.6754729e-002
  5.6000000e-001 -4.9517132e-002
  5.7000000e-001 -2.1585362e-001
  5.8000000e-001 -3.3988569e-001
  5.9000000e-001 -1.1741316e-001
  6.0000000e-001 -4.3221788e-002
  6.1000000e-001 -3.7375406e-001
  6.2000000e-001 -2.0806993e-001
  6.3000000e-001 -3.4794338e-001
  6.4000000e-001 -1.0204222e-001
  6.5000000e-001 -2.0616071e-001
  6.6000000e-001  1.5324036e-003
  6.7000000e-001 -3.8995958e-001
  6.8000000e-001 -1.9259688e-001
  6.9000000e-001 -3.1827768e-001
  7.0000000e-001 -4.0316317e-001
  7.1000000e-001 -1.0540919e-001
  7.2000000e-001 -1.9356112e-001
  7.3000000e-001 -3.0940415e-001
  7.4000000e-001 -1.9485280e-001
  7.5000000e-001 -9.5431042e-002
  7.6000000e-001 -5.9965334e-001
  7.7000000e-001  4.6696672e-002
  7.8000000e-001 -1.6764593e-001
  7.9000000e-001 -8.9057915e-002
  8.0000000e-001 -2.9950524e-001
  8.1000000e-001 -2.4392670e-001
  8.2000000e-001  3.7268614e-002
  8.3000000e-001 -1.7137655e-001
  8.4000000e-001 -4.1471002e-001
  8.5000000e-001 -2.8869226e-001
  8.6000000e-001  2.6749042e-003
  8.7000000e-001 -1.6413415e-001
  8.8000000e-001 -1.9226775e-001
  8.9000000e-001 -2.3651875e-001
  9.0000000e-001 -3.0417489e-001
  9.1000000e-001 -3.9033943e-001
  9.2000000e-001 -1.3918840e-001
  9.3000000e-001 -2.7883288e-001
  9.4000000e-001  6.7719768e-002
  9.5000000e-001 -1.1464481e-001
  9.6000000e-001  1.9607022e-001
  9.7000000e-001 -2.3023610e-001
  9.8000000e-001 -7.4726870e-002
  9.9000000e-001  2.5937964e-002
  1.0000000e+000 -6.8918995e-002
  1.0100000e+000 -4.2903201e-001
  1.0200000e+000  7.8335044e-002
  1.0300000e+000 -6.6142804e-003
  1.0400000e+000 -1.8470905e-001
  1.0500000e+000 -3.3158653e-001
  1.0600000e+000 -3.8349063e-002
  1.0700000e+000 -2.0775573e-002
  1.0800000e+000 -2.5200084e-001
  1.0900000e+000 -8.7495712e-002
  1.1000000e+000  1.7226187e-001
  1.1100000e+000 -1.8661691e-002
  1.1200000e+000 -3.8921243e-002
  1.1300000e+000 -2.0856472e-001
  1.1400000e+000 -1.8976452e-001
  1.1500000e+000 -8.2631092e-002
  1.1600000e+000  5.1568519e-002
  1.1700000e+000  3.0489021e-001
  1.1800000e+000 -6.0714800e-002
  1.1900000e+000 -4.5113461e-002
  1.2000000e+000 -3.0805998e-001
  1.2100000e+000  1.1282331e-002
  1.2200000e+000 -1.5730805e-001
  1.2300000e+000 -7.2601537e-002
  1.2400000e+000 -8.3612647e-002
  1.2500000e+000 -2.0869181e-001
  1.2600000e+000  2.5533632e-002
  1.2700000e+000 -1.6443551e-001
  1.2800000e+000 -4.0511058e-001
  1.2900000e+000  2.8939016e-002
  1.3000000e+000  4.7938836e-001
  1.3100000e+000 -2.4444044e-001
  1.3200000e+000  5.8195803e-002
  1.3300000e+000 -2.9526880e-001
  1.3400000e+000  1.4634158e-001
  1.3500000e+000  1.8133990e-001
  1.3600000e+000  1.9015255e-001
  1.3700000e+000  8.2829304e-002
  1.3800000e+000  9.3028092e-002
  1.3900000e+000  2.0848165e-001
  1.4000000e+000 -3.7556761e-001
  1.4100000e+000 -9.0463130e-002
  1.4200000e+000  1.2567682e-001
  1.4300000e+000  1.2845233e-002
  1.4400000e+000 -2.0771885e-002
  1.4500000e+000 -1.8789026e-001
  1.4600000e+000  1.0276625e-001
  1.4700000e+000 -2.3287018e-001
  1.4800000e+000  1.1269101e-001
  1.4900000e+000  2.9699112e-003
  1.5000000e+000  5.1416360e-002
  1.5100000e+000  3.3382497e-001
  1.5200000e+000 -4.6757196e-001
  1.5300000e+000 -1.5061408e-001
  1.5400000e+000  2.8422912e-001
  1.5500000e+000 -7.0638261e-002
  1.5600000e+000  2.0896206e-001
  1.5700000e+000  6.0108974e-002
  1.5800000e+000  9.9098581e-002
  1.5900000e+000  2.9258589e-001
  1.6000000e+000 -4.7361974e-002
  1.6100000e+000  1.3948294e-001
  1.6200000e+000  3.8250126e-001
  1.6300000e+000  2.6273129e-001
  1.6400000e+000  4.0217143e-001
  1.6500000e+000 -4.2237278e-002
  1.6600000e+000 -5.5468628e-002
  1.6700000e+000  1.4124628e-001
  1.6800000e+000 -2.8193112e-002
  1.6900000e+000  2.1769235e-001
  1.7000000e+000  1.5756780e-001
  1.7100000e+000  4.8319596e-001
  1.7200000e+000  4.1943661e-001
  1.7300000e+000  1.3078651e-002
  1.7400000e+000  1.3292185e-001
  1.7500000e+000  1.8818052e-001
  1.7600000e+000  4.6886922e-001
  1.7700000e+000  3.9655952e-001
  1.7800000e+000  2.2435995e-001
  1.7900000e+000  1.1897890e-001
  1.8000000e+000  3.6774696e-001
  1.8100000e+000 -3.2005099e-002
  1.8200000e+000  6.9868459e-002
  1.8300000e+000  4.7654228e-001
  1.8400000e+000 -6.2830559e-002
  1.8500000e+000  7.4803608e-002
  1.8600000e+000  3.7691285e-001
  1.8700000e+000  2.1988160e-001
  1.8800000e+000  2.9626624e-001
  1.8900000e+000  4.0557861e-001
  1.9000000e+000  4.5523957e-002
  1.9100000e+000  1.4100538e-001
  1.9200000e+000 -1.3573357e-001
  1.9300000e+000  4.1459914e-001
  1.9400000e+000  2.5723759e-001
  1.9500000e+000  3.1050078e-001
  1.9600000e+000  6.7594912e-001
  1.9700000e+000  2.6503810e-001
  1.9800000e+000  1.4438899e-001
  1.9900000e+000  3.4385038e-001
  2.0000000e+000  6.4949304e-001
  2.0100000e+000  6.4422827e-001
  2.0200000e+000  6.1147104e-001
  2.0300000e+000  4.2508877e-001
  2.0400000e+000  5.2610958e-001
  2.0500000e+000  4.5005320e-001
  2.0600000e+000  2.4705821e-001
  2.0700000e+000  4.6760486e-001
  2.0800000e+000  6.3382630e-001
  2.0900000e+000  4.9885576e-001
  2.1000000e+000  4.6015778e-001
  2.1100000e+000  4.7538252e-001
  2.1200000e+000 -5.9715760e-002
  2.1300000e+000 -2.2266261e-001
  2.1400000e+000  3.7184481e-001
  2.1500000e+000  7.4279865e-001
  2.1600000e+000  2.3250982e-001
  2.1700000e+000  8.8228571e-002
  2.1800000e+000  5.1175253e-001
  2.1900000e+000  3.4767630e-001
  2.2000000e+000  3.6888580e-001
  2.2100000e+000  3.9479567e-001
  2.2200000e+000  6.2401710e-001
  2.2300000e+000  3.4911405e-001
  2.2400000e+000  4.6592785e-001
  2.2500000e+000  9.6827036e-002
  2.2600000e+000  5.7359378e-001
  2.2700000e+000  5.3351092e-001
  2.2800000e+000  6.1825816e-001
  2.2900000e+000  4.3529238e-001
  2.3000000e+000  4.4635040e-001
  2.3100000e+000  4.7792635e-001
  2.3200000e+000  1.8971858e-001
  2.3300000e+000  6.9355994e-001
  2.3400000e+000  5.9140271e-001
  2.3500000e+000  5.2339807e-001
  2.3600000e+000  9.1079809e-001
  2.3700000e+000  4.2828000e-001
  2.3800000e+000  3.1196120e-001
  2.3900000e+000  7.2058659e-001
  2.4000000e+000  8.8921313e-001
  2.4100000e+000  8.0816036e-001
  2.4200000e+000  3.9834022e-001
  2.4300000e+000  6.3924131e-001
  2.4400000e+000  8.2336764e-001
  2.4500000e+000  4.2987221e-001
  2.4600000e+000  9.0072685e-001
  2.4700000e+000  6.7583741e-001
  2.4800000e+000  3.3788004e-001
  2.4900000e+000  2.5089146e-001
  2.5000000e+000  5.4158576e-003
  2.5100000e+000  7.9862838e-001
  2.5200000e+000  7.0582098e-001
  2.5300000e+000  5.1431632e-001
  2.5400000e+000  6.4722550e-001
  2.5500000e+000  2.6705976e-001
  2.5600000e+000  5.9824152e-001
  2.5700000e+000  5.9159685e-001
  2.5800000e+000  3.5882018e-001
  2.5900000e+000  8.5602197e-001
  2.6000000e+000  8.2684697e-001
  2.6100000e+000  5.2290524e-001
  2.6200000e+000  8.6108957e-001
  2.6300000e+000  3.1457960e-001
  2.6400000e+000  4.4729652e-001
  2.6500000e+000  1.0662141e+000
  2.6600000e+000  4.9427985e-001
  2.6700000e+000  1.0519844e+000
  2.6800000e+000  4.5389355e-001
  2.6900000e+000  6.9807474e-001
  2.7000000e+000  6.3775459e-001
  2.7100000e+000  3.6185234e-001
  2.7200000e+000  6.5469355e-001
  2.7300000e+000  6.0736387e-001
  2.7400000e+000  9.0324385e-001
  2.7500000e+000  5.8101443e-001
  2.7600000e+000  9.0379619e-001
  2.7700000e+000  8.1922391e-001
  2.7800000e+000  1.0058527e+000
  2.7900000e+000  6.9448979e-001
  2.8000000e+000  3.4646642e-001
  2.8100000e+000  3.7589991e-001
  2.8200000e+000  8.8728812e-001
  2.8300000e+000  7.7520056e-001
  2.8400000e+000  7.0929509e-001
  2.8500000e+000  6.3249685e-001
  2.8600000e+000  7.6386697e-001
  2.8700000e+000  6.8134078e-001
  2.8800000e+000  5.0565713e-001
  2.8900000e+000  4.8489632e-001
  2.9000000e+000  9.7379728e-001
  2.9100000e+000  2.5030402e-001
  2.9200000e+000  4.4998858e-001
  2.9300000e+000  9.2889833e-001
  2.9400000e+000  8.6646245e-001
  2.9500000e+000  8.0181718e-001
  2.9600000e+000  8.2713961e-001
  2.9700000e+000  6.8953712e-001
  2.9800000e+000  7.0570740e-001
  2.9900000e+000  6.8139794e-001
  3.0000000e+000  8.0646336e-001
  3.0100000e+000  7.1522723e-001
  3.0200000e+000  6.2483501e-001
  3.0300000e+000  5.3560871e-001
  3.0400000e+000  7.0311312e-001
  3.0500000e+000  4.7960278e-001
  3.0600000e+000  3.9284070e-001
  3.0700000e+000  7.1294456e-001
  3.0800000e+000  8.7609744e-001
  3.0900000e+000  1.0984721e+000
  3.1000000e+000  9.5335655e-001
  3.1100000e+000  7.3470602e-001
  3.1200000e+000  8.3888788e-001
  3.1300000e+000  4.0646669e-001
  3.1400000e+000  8.6830151e-001
  3.1500000e+000  9.6996672e-001
  3.1600000e+000  1.1554860e+000
  3.1700000e+000  7.6515360e-001
  3.1800000e+000  8.0738454e-001
  3.1900000e+000  6.1605690e-001
  3.2000000e+000  9.0373624e-001
  3.2100000e+000  9.0120818e-001
  3.2200000e+000  1.0523827e+000
  3.2300000e+000  1.0657629e+000
  3.2400000e+000  6.0555955e-001
  3.2500000e+000  7.5741266e-001
  3.2600000e+000  8.9750022e-001
  3.2700000e+000  7.9615937e-001
  3.2800000e+000  7.7685470e-001
  3.2900000e+000  6.6532751e-001
  3.3000000e+000  7.5850268e-001
  3.3100000e+000  1.0854146e+000
  3.3200000e+000  1.1318716e+000
  3.3300000e+000  1.0003776e+000
  3.3400000e+000  9.3605438e-001
  3.3500000e+000  9.4523913e-001
  3.3600000e+000  8.3450246e-001
  3.3700000e+000  6.2993398e-001
  3.3800000e+000  8.7713654e-001
  3.3900000e+000  8.8542019e-001
  3.4000000e+000  8.5077564e-001
  3.4100000e+000  9.1770712e-001
  3.4200000e+000  1.1017084e+000
  3.4300000e+000  8.4324758e-001
  3.4400000e+000  7.9113572e-001
  3.4500000e+000  9.0290227e-001
  3.4600000e+000  1.1022604e+000
  3.4700000e+000  7.8563176e-001
  3.4800000e+000  9.2616541e-001
  3.4900000e+000  7.2191314e-001
  3.5000000e+000  7.6862662e-001
  3.5100000e+000  8.3783695e-001
  3.5200000e+000  1.0090502e+000
  3.5300000e+000  6.0730350e-001
  3.5400000e+000  1.0805183e+000
  3.5500000e+000  1.3011439e+000
  3.5600000e+000  1.0391087e+000
  3.5700000e+000  1.1582671e+000
  3.5800000e+000  7.8384355e-001
  3.5900000e+000  7.9402754e-001
  3.6000000e+000  8.3720286e-001
  3.6100000e+000  1.0594298e+000
  3.6200000e+000  1.3112892e+000
  3.6300000e+000  9.6375993e-001
  3.6400000e+000  8.0349097e-001
  3.6500000e+000  7.4887178e-001
  3.6600000e+000  9.9753420e-001
  3.6700000e+000  8.7440834e-001
  3.6800000e+000  1.1013678e+000
  3.6900000e+000  6.1560796e-001
  3.7000000e+000  7.6349666e-001
  3.7100000e+000  4.7951769e-001
  3.7200000e+000  8.4968937e-001
  3.7300000e+000  8.7717044e-001
  3.7400000e+000  1.0119987e+000
  3.7500000e+000  7.3556797e-001
  3.7600000e+000  8.4749405e-001
  3.7700000e+000  8.8632081e-001
  3.7800000e+000  8.1318514e-001
  3.7900000e+000  9.3197361e-001
  3.8000000e+000  1.0167491e+000
  3.8100000e+000  1.0139753e+000
  3.8200000e+000  8.3210849e-001
  3.8300000e+000  9.3311370e-001
  3.8400000e+000  6.0531625e-001
  3.8500000e+000  1.3098081e+000
  3.8600000e+000  9.8783893e-001
  3.8700000e+000  8.8128722e-001
  3.8800000e+000  1.0358484e+000
  3.8900000e+000  1.1349067e+000
  3.9000000e+000  1.2434609e+000
  3.9100000e+000  8.2420319e-001
  3.9200000e+000  1.0810971e+000
  3.9300000e+000  1.1333060e+000
  3.9400000e+000  1.0989715e+000
  3.9500000e+000  8.6117586e-001
  3.9600000e+000  1.0519228e+000
  3.9700000e+000  7.0307861e-001
  3.9800000e+000  9.8037960e-001
  3.9900000e+000  1.0095642e+000
  4.0000000e+000  7.1268268e-001
  4.0100000e+000  7.1259422e-001
  4.0200000e+000  1.0573970e+000
  4.0300000e+000  1.0480980e+000
  4.0400000e+000  6.5044838e-001
  4.0500000e+000  1.1690152e+000
  4.0600000e+000  4.8151316e-001
  4.0700000e+000  1.2134281e+000
  4.0800000e+000  9.1782500e-001
  4.0900000e+000  1.0844232e+000
  4.1000000e+000  6.7810867e-001
  4.1100000e+000  7.6116456e-001
  4.1200000e+000  8.3645902e-001
  4.1300000e+000  1.1985743e+000
  4.1400000e+000  7.9893020e-001
  4.1500000e+000  7.1035016e-001
  4.1600000e+000  1.0390808e+000
  4.1700000e+000  9.6673407e-001
  4.1800000e+000  1.2845446e+000
  4.1900000e+000  7.7912928e-001
  4.2000000e+000  5.5598989e-001
  4.2100000e+000  1.1677901e+000
  4.2200000e+000  8.8184757e-001
  4.2300000e+000  7.8407231e-001
  4.2400000e+000  6.1277318e-001
  4.2500000e+000  1.0971880e+000
  4.2600000e+000  1.4023821e+000
  4.2700000e+000  1.2392709e+000
  4.2800000e+000  8.4232908e-001
  4.2900000e+000  4.9246113e-001
  4.3000000e+000  1.1861979e+000
  4.3100000e+000  1.0784199e+000
  4.3200000e+000  1.0993082e+000
  4.3300000e+000  6.2779523e-001
  4.3400000e+000  7.3904830e-001
  4.3500000e+000  6.0239426e-001
  4.3600000e+000  1.0060418e+000
  4.3700000e+000  1.1300910e+000
  4.3800000e+000  9.2504318e-001
  4.3900000e+000  9.2535133e-001
  4.4000000e+000  6.1516483e-001
  4.4100000e+000  1.1987686e+000
  4.4200000e+000  1.2146545e+000
  4.4300000e+000  9.2196271e-001
  4.4400000e+000  1.0666430e+000
  4.4500000e+000  9.6299606e-001
  4.4600000e+000  8.2076353e-001
  4.4700000e+000  9.2331208e-001
  4.4800000e+000  9.1456371e-001
  4.4900000e+000  9.6631473e-001
  4.5000000e+000  1.0001629e+000
  4.5100000e+000  1.3175452e+000
  4.5200000e+000  1.0582502e+000
  4.5300000e+000  6.7635091e-001
  4.5400000e+000  1.0335536e+000
  4.5500000e+000  1.0788020e+000
  4.5600000e+000  6.2735089e-001
  4.5700000e+000  1.3209775e+000
  4.5800000e+000  8.3925175e-001
  4.5900000e+000  8.2540259e-001
  4.6000000e+000  8.2353033e-001
  4.6100000e+000  6.9721687e-001
  4.6200000e+000  7.1830526e-001
  4.6300000e+000  9.3951601e-001
  4.6400000e+000  1.1099278e+000
  4.6500000e+000  9.6504632e-001
  4.6600000e+000  8.1783323e-001
  4.6700000e+000  1.2012100e+000
  4.6800000e+000  9.9719899e-001
  4.6900000e+000  1.0302518e+000
  4.7000000e+000  1.1948852e+000
  4.7100000e+000  1.2389368e+000
  4.7200000e+000  7.4891628e-001
  4.7300000e+000  9.4105802e-001
  4.7400000e+000  9.4854635e-001
  4.7500000e+000  6.9683849e-001
  4.7600000e+000  7.6743933e-001
  4.7700000e+000  7.6693226e-001
  4.7800000e+000  6.9219725e-001
  4.7900000e+000  6.3114457e-001
  4.8000000e+000  8.8934830e-001
  4.8100000e+000  8.9651984e-001
  4.8200000e+000  5.9493850e-001
  4.8300000e+000  6.4959615e-001
  4.8400000e+000  1.3486934e+000
  4.8500000e+000  1.1150545e+000
  4.8600000e+000  1.0918012e+000
  4.8700000e+000  1.0170283e+000
  4.8800000e+000  6.1315912e-001
  4.8900000e+000  8.0463340e-001
  4.9000000e+000  8.7409635e-001
  4.9100000e+000  1.2509804e+000
  4.9200000e+000  7.9217820e-001
  4.9300000e+000  5.5482642e-001
  4.9400000e+000  1.0330018e+000
  4.9500000e+000  7.1153628e-001
  4.9600000e+000  6.8470476e-001
  4.9700000e+000  8.1588509e-001
  4.9800000e+000  5.9327825e-001
  4.9900000e+000  8.6069555e-001
  5.0000000e+000  9.4011611e-001
  5.0100000e+000  8.7937297e-001
  5.0200000e+000  1.0055660e+000
  5.0300000e+000  5.1123652e-001
  5.0400000e+000  1.1234246e+000
  5.0500000e+000  1.0242045e+000
  5.0600000e+000  1.0271564e+000
  5.0700000e+000  7.1201573e-001
  5.0800000e+000  1.0227219e+000
  5.0900000e+000  6.9996231e-001
  5.1000000e+000  2.9533653e-001
  5.1100000e+000  9.6204367e-001
  5.1200000e+000  7.8464468e-001
  5.1300000e+000  7.8530529e-001
  5.1400000e+000  7.3585257e-001
  5.1500000e+000  8.3287132e-001
  5.1600000e+000  1.2418514e+000
  5.1700000e+000  6.9685749e-001
  5.1800000e+000  8.1966804e-001
  5.1900000e+000  9.6727244e-001
  5.2000000e+000  6.7165116e-001
  5.2100000e+000  1.0378220e+000
  5.2200000e+000  7.7115143e-001
  5.2300000e+000  6.5873579e-001
  5.2400000e+000  4.7344996e-001
  5.2500000e+000  1.1043859e+000
  5.2600000e+000  8.2824697e-001
  5.2700000e+000  6.7064298e-001
  5.2800000e+000  9.7690672e-001
  5.2900000e+000  1.0155405e+000
  5.3000000e+000  9.2275204e-001
  5.3100000e+000  5.3179867e-001
  5.3200000e+000  6.9064742e-001
  5.3300000e+000  5.3515899e-001
  5.3400000e+000  6.7548288e-001
  5.3500000e+000  9.2999371e-001
  5.3600000e+000  5.9709983e-001
  5.3700000e+000  8.4412876e-001
  5.3800000e+000  7.1743623e-001
  5.3900000e+000  7.0909186e-001
  5.4000000e+000  9.9193536e-001
  5.4100000e+000  1.0058860e+000
  5.4200000e+000  6.4344690e-001
  5.4300000e+000  9.7711509e-001
  5.4400000e+000  1.0906876e+000
  5.4500000e+000  4.5614765e-001
  5.4600000e+000  3.7186973e-001
  5.4700000e+000  1.0024152e+000
  5.4800000e+000  8.6640446e-001
  5.4900000e+000  9.6507925e-001
  5.5000000e+000  1.0747992e+000
  5.5100000e+000  9.1257521e-001
  5.5200000e+000  4.9668729e-001
  5.5300000e+000  1.0512038e+000
  5.5400000e+000  8.8370504e-001
  5.5500000e+000  9.0140610e-001
  5.5600000e+000  1.0444843e+000
  5.5700000e+000  6.9297305e-001
  5.5800000e+000  8.3638298e-001
  5.5900000e+000  9.3463169e-001
  5.6000000e+000  9.0231765e-001
  5.6100000e+000  8.2929080e-001
  5.6200000e+000  8.2137608e-001
  5.6300000e+000  7.5289048e-001
  5.6400000e+000  9.3582903e-001
  5.6500000e+000  9.9208951e-001
  5.6600000e+000  4.8395521e-001
  5.6700000e+000  7.0055251e-001
  5.6800000e+000  3.9049354e-001
  5.6900000e+000  7.3200075e-001
  5.7000000e+000  7.5149176e-001
  5.7100000e+000  6.2333331e-001
  5.7200000e+000  9.1616111e-001
  5.7300000e+000  4.4818361e-001
  5.7400000e+000  6.6612416e-001
  5.7500000e+000  2.8765840e-001
  5.7600000e+000  3.5568669e-001
  5.7700000e+000  4.8533462e-001
  5.7800000e+000  9.1725701e-001
  5.7900000e+000  7.7743521e-001
  5.8000000e+000  7.5198525e-001
  5.8100000e+000  3.8468248e-001
  5.8200000e+000  7.7698601e-001
  5.8300000e+000  9.6411440e-001
  5.8400000e+000  8.5697484e-001
  5.8500000e+000  7.4514081e-001
  5.8600000e+000  9.6197530e-001
  5.8700000e+000  6.3490255e-001
  5.8800000e+000  1.1671145e+000
  5.8900000e+000  9.1198578e-001
  5.9000000e+000  7.5480983e-001
  5.9100000e+000  4.0079809e-001
  5.9200000e+000  8.7341556e-001
  5.9300000e+000  7.1753248e-001
  5.9400000e+000  4.1682472e-001
  5.9500000e+000  8.9496210e-001
  5.9600000e+000  6.1053742e-001
  5.9700000e+000  5.6374479e-001
  5.9800000e+000  7.3491663e-001
  5.9900000e+000  5.9268936e-001
  6.0000000e+000  1.0516929e+000
  6.0100000e+000  7.0214400e-001
  6.0200000e+000  6.9390746e-001
  6.0300000e+000  3.8250481e-001
  6.0400000e+000  9.6440550e-001
  6.0500000e+000  8.7891840e-001
  6.0600000e+000  7.1770802e-001
  6.0700000e+000  6.9261529e-001
  6.0800000e+000  8.3069656e-001
  6.0900000e+000  6.8940612e-001
  6.1000000e+000  8.2062265e-001
  6.1100000e+000  8.7307487e-001
  6.1200000e+000  5.0630541e-001
  6.1300000e+000  3.0192640e-001
  6.1400000e+000  8.9405537e-001
  6.1500000e+000  7.9125893e-001
  6.1600000e+000  9.8984277e-001
  6.1700000e+000  3.7666791e-001
  6.1800000e+000  8.0097608e-001
  6.1900000e+000  4.9390795e-001
  6.2000000e+000  6.1094240e-001
  6.2100000e+000  7.1986959e-001
  6.2200000e+000  4.4490337e-001
  6.2300000e+000  7.1499949e-001
  6.2400000e+000  5.5813729e-001
  6.2500000e+000  8.9090786e-001
  6.2600000e+000  6.3263173e-001
  6.2700000e+000  7.1654208e-001
  6.2800000e+000  7.1624301e-001
  6.2900000e+000  5.6416057e-001
  6.3000000e+000  7.0078216e-001
  6.3100000e+000  9.2513692e-001
  6.3200000e+000  9.4315050e-001
  6.3300000e+000  7.4495769e-001
  6.3400000e+000  1.1840387e+000
  6.3500000e+000  9.0437504e-001
  6.3600000e+000  1.1756047e+000
  6.3700000e+000  9.2726361e-001
  6.3800000e+000  9.5439287e-001
  6.3900000e+000  7.9536927e-001
  6.4000000e+000  8.7457959e-001
  6.4100000e+000  3.4717102e-001
  6.4200000e+000  7.7939802e-001
  6.4300000e+000  6.7146622e-001
  6.4400000e+000  6.7125936e-001
  6.4500000e+000  6.5226252e-001
  6.4600000e+000  7.7334270e-001
  6.4700000e+000  7.6208378e-001
  6.4800000e+000  6.6009952e-001
  6.4900000e+000  8.6663559e-001
  6.5000000e+000  8.8267962e-001
  6.5100000e+000  7.8176482e-001
  6.5200000e+000  1.0431118e+000
  6.5300000e+000  5.9337264e-001
  6.5400000e+000  7.6593745e-001
  6.5500000e+000  9.2075191e-001
  6.5600000e+000  5.1705365e-001
  6.5700000e+000  5.3412479e-001
  6.5800000e+000  4.6362183e-001
  6.5900000e+000  8.8636415e-001
  6.6000000e+000  7.7937187e-001
  6.6100000e+000  7.3313350e-001
  6.6200000e+000  1.0912838e+000
  6.6300000e+000  7.0812645e-001
  6.6400000e+000  3.6523589e-001
  6.6500000e+000  4.6749846e-001
  6.6600000e+000  5.3090188e-001
  6.6700000e+000  8.5189203e-001
  6.6800000e+000  1.0814261e+000
  6.6900000e+000  4.9593664e-001
  6.7000000e+000  1.1997083e+000
  6.7100000e+000  6.6332517e-001
  6.7200000e+000  5.7831974e-001
  6.7300000e+000  7.7539644e-001
  6.7400000e+000  1.1316092e+000
  6.7500000e+000  7.8807060e-001
  6.7600000e+000  4.9517620e-001
  6.7700000e+000  9.3594613e-001
  6.7800000e+000  9.5690627e-001
  6.7900000e+000  7.8117598e-001
  6.8000000e+000  6.3073977e-001
  6.8100000e+000  8.9900051e-001
  6.8200000e+000  3.5915556e-001
  6.8300000e+000  1.0215073e+000
  6.8400000e+000  9.1512431e-001
  6.8500000e+000  4.8778268e-001
  6.8600000e+000  4.9005994e-001
  6.8700000e+000  6.1053003e-001
  6.8800000e+000  8.6670498e-001
  6.8900000e+000  9.5766672e-001
  6.9000000e+000  5.6299949e-001
  6.9100000e+000  7.1361534e-001
  6.9200000e+000  9.1652294e-001
  6.9300000e+000  1.7669912e-001
  6.9400000e+000  6.2976773e-001
  6.9500000e+000  7.6169484e-001
  6.9600000e+000  8.6155620e-001
  6.9700000e+000  8.6515879e-001
  6.9800000e+000  9.4491398e-001
  6.9900000e+000  9.5335622e-001
  7.0000000e+000  1.0728826e+000
  7.0100000e+000  1.0996928e+000
  7.0200000e+000  7.6709407e-001
  7.0300000e+000  5.4328116e-001
  7.0400000e+000  5.9768612e-001
  7.0500000e+000  8.4804291e-001
  7.0600000e+000  7.2020025e-001
  7.0700000e+000  7.8270039e-001
  7.0800000e+000  1.0908142e+000
  7.0900000e+000  6.4962753e-001
  7.1000000e+000  7.0009228e-001
  7.1100000e+000  7.5674157e-001
  7.1200000e+000  6.9008898e-001
  7.1300000e+000  9.8143318e-001
  7.1400000e+000  1.2071854e+000
  7.1500000e+000  6.4277111e-001
  7.1600000e+000  5.0878216e-001
  7.1700000e+000  7.9637886e-001
  7.1800000e+000  6.0379013e-001
  7.1900000e+000  5.1745862e-001
  7.2000000e+000  4.9104818e-001
  7.2100000e+000  5.3660467e-001
  7.2200000e+000  7.1985600e-001
  7.2300000e+000  6.2300645e-001
  7.2400000e+000  4.8075409e-001
  7.2500000e+000  6.9960353e-001
  7.2600000e+000  8.0048757e-001
  7.2700000e+000  9.0204775e-001
  7.2800000e+000  5.0123819e-001
  7.2900000e+000  1.0320204e+000
  7.3000000e+000  4.8796837e-001
  7.3100000e+000  7.5540253e-001
  7.3200000e+000  9.6084130e-001
  7.3300000e+000  9.6281588e-001
  7.3400000e+000  4.6070959e-001
  7.3500000e+000  9.6934946e-001
  7.3600000e+000  8.6450095e-001
  7.3700000e+000  3.7888132e-001
  7.3800000e+000  3.5308466e-001
  7.3900000e+000  8.7978522e-001
  7.4000000e+000  9.7814652e-001
  7.4100000e+000  7.1199635e-001
  7.4200000e+000  8.4421771e-001
  7.4300000e+000  1.0170772e+000
  7.4400000e+000  9.8053641e-001
  7.4500000e+000  6.1269945e-001
  7.4600000e+000  4.8546061e-001
  7.4700000e+000  8.0347092e-001
  7.4800000e+000  8.8706454e-001
  7.4900000e+000  7.8433513e-001
  7.5000000e+000  3.7537529e-001
  7.5100000e+000  8.0957072e-001
  7.5200000e+000  9.7973092e-001
  7.5300000e+000  8.5680241e-001
  7.5400000e+000  8.8321743e-001
  7.5500000e+000  1.0619495e+000
  7.5600000e+000  1.1354303e+000
  7.5700000e+000  6.4166380e-001
  7.5800000e+000  6.6806466e-001
  7.5900000e+000  8.1774855e-001
  7.6000000e+000  6.8175687e-001
  7.6100000e+000  5.9900882e-001
  7.6200000e+000  4.5217398e-001
  7.6300000e+000  8.5032626e-001
  7.6400000e+000  7.0234485e-001
  7.6500000e+000  6.2056793e-001
  7.6600000e+000  6.3914498e-001
  7.6700000e+000  6.7868029e-001
  7.6800000e+000  4.4461682e-001
  7.6900000e+000  4.9774945e-001
  7.7000000e+000  8.2536033e-001
  7.7100000e+000  5.0662159e-001
  7.7200000e+000  7.6470379e-001
  7.7300000e+000  1.0200318e+000
  7.7400000e+000  6.7323703e-001
  7.7500000e+000  6.7057940e-001
  7.7600000e+000  1.1420624e+000
  7.7700000e+000  7.0095907e-001
  7.7800000e+000  1.0090807e+000
  7.7900000e+000  1.0108816e+000
  7.8000000e+000  4.8620485e-001
  7.8100000e+000  1.1174904e+000
  7.8200000e+000  1.0587799e+000
  7.8300000e+000  4.5800917e-001
  7.8400000e+000  7.3776331e-001
  7.8500000e+000  4.4056171e-001
  7.8600000e+000  9.0557814e-001
  7.8700000e+000  4.6801639e-001
  7.8800000e+000  7.5268274e-001
  7.8900000e+000  9.8484473e-001
  7.9000000e+000  8.1787820e-001
  7.9100000e+000  9.9096218e-001
  7.9200000e+000  7.0398329e-001
  7.9300000e+000  3.6431099e-001
  7.9400000e+000  7.9958018e-001
  7.9500000e+000  6.3176262e-001
  7.9600000e+000  9.9717602e-001
  7.9700000e+000  8.4012983e-001
  7.9800000e+000  9.1702669e-001
  7.9900000e+000  6.2104729e-001
  8.0000000e+000  8.1866231e-001
  8.0100000e+000  6.3987554e-001
  8.0200000e+000  1.0513951e+000
  8.0300000e+000  5.6781267e-001
  8.0400000e+000  5.3251079e-001
  8.0500000e+000  1.0377647e+000
  8.0600000e+000  8.7650036e-001
  8.0700000e+000  1.1475944e+000
  8.0800000e+000  7.5199268e-001
  8.0900000e+000  7.2746509e-001
  8.1000000e+000  5.3847961e-001
  8.1100000e+000  5.0864870e-001
  8.1200000e+000  7.4629141e-001
  8.1300000e+000  7.5752364e-001
  8.1400000e+000  4.9017031e-001
  8.1500000e+000  8.5667663e-001
  8.1600000e+000  6.2274999e-001
  8.1700000e+000  7.2637407e-001
  8.1800000e+000  8.7145714e-001
  8.1900000e+000  1.0376199e+000
  8.2000000e+000  1.0735402e+000
  8.2100000e+000  5.7693062e-001
  8.2200000e+000  9.9725078e-001
  8.2300000e+000  3.9843018e-001
  8.2400000e+000  1.0362650e+000
  8.2500000e+000  7.4949205e-001
  8.2600000e+000  4.9014454e-001
  8.2700000e+000  5.4305913e-001
  8.2800000e+000  4.8091297e-001
  8.2900000e+000  3.3990545e-001
  8.3000000e+000  7.1852019e-001
  8.3100000e+000  5.5722614e-001
  8.3200000e+000  6.4292679e-001
  8.3300000e+000  5.1671816e-001
  8.3400000e+000  8.7882829e-001
  8.3500000e+000  1.0587471e+000
  8.3600000e+000  6.2500508e-001
  8.3700000e+000  4.6273773e-001
  8.3800000e+000  3.4723282e-001
  8.3900000e+000  7.3740513e-001
  8.4000000e+000  5.5821338e-001
  8.4100000e+000  6.8408247e-001
  8.4200000e+000  7.4525507e-001
  8.4300000e+000  6.6622452e-001
  8.4400000e+000  5.5463414e-001
  8.4500000e+000  7.7058477e-001
  8.4600000e+000  6.8337294e-001
  8.4700000e+000  1.1050460e+000
  8.4800000e+000  5.8061718e-001
  8.4900000e+000  6.1405668e-001
  8.5000000e+000  3.3723136e-001
  8.5100000e+000  7.5474911e-001
  8.5200000e+000  1.1040299e+000
  8.5300000e+000  8.1550890e-001
  8.5400000e+000  1.0952021e+000
  8.5500000e+000  8.3345184e-001
  8.5600000e+000  5.9381656e-001
  8.5700000e+000  5.9930004e-001
  8.5800000e+000  5.6098732e-001
  8.5900000e+000  6.2987200e-001
  8.6000000e+000  5.5652796e-001
  8.6100000e+000  5.1506574e-001
  8.6200000e+000  9.7010853e-001
  8.6300000e+000  5.4337220e-001
  8.6400000e+000  3.9825955e-001
  8.6500000e+000  5.8954598e-001
  8.6600000e+000  7.5555975e-001
  8.6700000e+000  9.9695954e-001
  8.6800000e+000  7.5141300e-001
  8.6900000e+000  8.2400872e-001
  8.7000000e+000  7.6127612e-001
  8.7100000e+000  8.0834543e-001
  8.7200000e+000  9.4717243e-001
  8.7300000e+000  5.0929793e-001
  8.7400000e+000  6.7008559e-001
  8.7500000e+000  6.1847965e-001
  8.7600000e+000  2.0161675e-001
  8.7700000e+000  8.9715880e-001
  8.7800000e+000  6.5464773e-001
  8.7900000e+000  4.6525452e-001
  8.8000000e+000  5.6138749e-001
  8.8100000e+000  7.6424588e-001
  8.8200000e+000  6.4096711e-001
  8.8300000e+000  7.0668120e-001
  8.8400000e+000  9.4419508e-001
  8.8500000e+000  3.5599810e-001
  8.8600000e+000  8.9994987e-001
  8.8700000e+000  1.0552250e+000
  8.8800000e+000  8.5819468e-001
  8.8900000e+000  7.2250051e-001
  8.9000000e+000  6.6323587e-001
  8.9100000e+000  8.6936949e-001
  8.9200000e+000  1.1170452e+000
  8.9300000e+000  2.4953355e-001
  8.9400000e+000  6.5236271e-001
  8.9500000e+000  6.4811106e-001
  8.9600000e+000  8.5731947e-001
  8.9700000e+000  7.5258791e-001
  8.9800000e+000  7.7136909e-001
  8.9900000e+000  8.6399388e-001
  9.0000000e+000  3.9484228e-001
  9.0100000e+000  9.9131587e-001
  9.0200000e+000  8.9222411e-001
  9.0300000e+000  3.9312075e-001
  9.0400000e+000  8.4113810e-001
  9.0500000e+000  8.6601268e-001
  9.0600000e+000  3.2512990e-001
  9.0700000e+000  7.0337043e-001
  9.0800000e+000  4.6092803e-001
  9.0900000e+000  6.9551840e-001
  9.1000000e+000  5.2028386e-001
  9.1100000e+000  5.2872314e-001
  9.1200000e+000  4.2394397e-001
  9.1300000e+000  5.3284250e-001
  9.1400000e+000  9.7751796e-001
  9.1500000e+000  6.4145105e-001
  9.1600000e+000  1.1908164e+000
  9.1700000e+000  4.5126883e-001
  9.1800000e+000  2.3392468e-001
  9.1900000e+000  1.0658938e+000
  9.2000000e+000  7.0057578e-001
  9.2100000e+000  1.0374636e+000
  9.2200000e+000  4.4475637e-001
  9.2300000e+000  1.0157361e+000
  9.2400000e+000  8.9158768e-001
  9.2500000e+000  9.6965210e-001
  9.2600000e+000  9.6505143e-001
  9.2700000e+000  7.4811677e-001
  9.2800000e+000  8.6326972e-001
  9.2900000e+000  9.3068083e-001
  9.3000000e+000  9.6387786e-001
  9.3100000e+000  7.7387883e-001
  9.3200000e+000  5.1024369e-001
  9.3300000e+000  9.9339216e-001
  9.3400000e+000  9.3169596e-001
  9.3500000e+000  7.9528029e-001
  9.3600000e+000  7.2099733e-001
  9.3700000e+000  6.1732715e-001
  9.3800000e+000  8.1530827e-001
  9.3900000e+000  3.7908991e-001
  9.4000000e+000  6.6986685e-001
  9.4100000e+000  5.8557629e-001
  9.4200000e+000  8.9443782e-001
  9.4300000e+000  5.3894368e-001
  9.4400000e+000  1.0157724e+000
  9.4500000e+000  3.5325650e-001
  9.4600000e+000  5.4257535e-001
  9.4700000e+000  1.0121211e+000
  9.4800000e+000  7.1788569e-001
  9.4900000e+000  6.4548023e-001
  9.5000000e+000  6.7266401e-001
  9.5100000e+000  6.1183426e-001
  9.5200000e+000  5.9017390e-001
  9.5300000e+000  8.5717631e-001
  9.5400000e+000  6.3980198e-001
  9.5500000e+000  6.8391193e-001
  9.5600000e+000  6.1644712e-001
  9.5700000e+000  4.4791911e-001
  9.5800000e+000  1.1224160e+000
  9.5900000e+000  6.6044896e-001
  9.6000000e+000  8.6910072e-001
  9.6100000e+000  9.0474551e-001
  9.6200000e+000  8.4326924e-001
  9.6300000e+000  8.1690037e-001
  9.6400000e+000  5.6821886e-001
  9.6500000e+000  1.3983569e+000
  9.6600000e+000  5.8800886e-001
  9.6700000e+000  8.7822987e-001
  9.6800000e+000  7.1713920e-001
  9.6900000e+000  6.7008864e-001
  9.7000000e+000  6.6426128e-001
  9.7100000e+000  4.1658274e-001
  9.7200000e+000  6.7953106e-001
  9.7300000e+000  1.0292852e+000
  9.7400000e+000  6.9503538e-001
  9.7500000e+000  8.9318204e-001
  9.7600000e+000  8.9524852e-001
  9.7700000e+000  6.6752152e-001
  9.7800000e+000  2.8082609e-001
  9.7900000e+000  6.0329032e-001
  9.8000000e+000  4.9397056e-001
  9.8100000e+000  7.6595594e-001
  9.8200000e+000  9.3583646e-001
  9.8300000e+000  8.0613783e-001
  9.8400000e+000  7.2329000e-001
  9.8500000e+000  7.0613810e-001
  9.8600000e+000  9.0117776e-001
  9.8700000e+000  8.7061780e-001
  9.8800000e+000  9.2131293e-001
  9.8900000e+000  7.6975207e-001
  9.9000000e+000  5.5667585e-001
  9.9100000e+000  6.5847460e-001
  9.9200000e+000  5.9915859e-001
  9.9300000e+000  5.4604116e-001
  9.9400000e+000  6.1606659e-001
  9.9500000e+000  1.1438028e+000
  9.9600000e+000  9.8779885e-001
  9.9700000e+000  9.4687371e-001
  9.9800000e+000  1.0081978e+000
  9.9900000e+000  5.4546907e-001
  1.0000000e+001  6.1421857e-001
  1.0010000e+001  6.8387380e-001
  1.0020000e+001  5.3864791e-001
  1.0030000e+001  5.2359226e-001
  1.0040000e+001  1.0376761e+000
  1.0050000e+001  8.9006085e-001
  1.0060000e+001  5.6937305e-001
  1.0070000e+001  7.0680314e-001
  1.0080000e+001  8.6236174e-001
  1.0090000e+001  5.1669103e-001
  1.0100000e+001  9.7700567e-001
  1.0110000e+001  6.9640639e-001
  1.0120000e+001  4.0336154e-001
  1.0130000e+001  9.8703881e-001
  1.0140000e+001  8.7332847e-001
  1.0150000e+001  1.0113075e+000
  1.0160000e+001  1.0957718e+000
  1.0170000e+001  6.8372507e-001
  1.0180000e+001  1.2949518e+000
  1.0190000e+001  9.4916096e-001
  1.0200000e+001  7.5945587e-001
  1.0210000e+001  6.3093128e-001
  1.0220000e+001  6.5745672e-001
  1.0230000e+001  5.4505593e-001
  1.0240000e+001  1.1096764e+000
  1.0250000e+001  1.0756056e+000
  1.0260000e+001  4.8490271e-001
  1.0270000e+001  8.6834906e-001
  1.0280000e+001  1.1206139e+000
  1.0290000e+001  6.6909803e-001
  1.0300000e+001  9.0233927e-001
  1.0310000e+001  7.8622936e-001
  1.0320000e+001  5.9498062e-001
  1.0330000e+001  1.0445145e+000
  1.0340000e+001  1.1095095e+000
  1.0350000e+001  4.8743612e-001
  1.0360000e+001  8.0893721e-001
  1.0370000e+001  1.2467316e+000
  1.0380000e+001  5.6539341e-001
  1.0390000e+001  4.6895384e-001
  1.0400000e+001  7.4824473e-001
  1.0410000e+001  6.9023490e-001
  1.0420000e+001  7.2912761e-001
  1.0430000e+001  4.9927063e-001
  1.0440000e+001  7.7638709e-001
  1.0450000e+001  7.4201512e-001
  1.0460000e+001  8.9782201e-001
  1.0470000e+001  7.6676580e-001
  1.0480000e+001  5.4943296e-001
  1.0490000e+001  7.0408866e-001
  1.0500000e+001  5.2388159e-001
  1.0510000e+001  7.5908009e-001
  1.0520000e+001  6.9616838e-001
  1.0530000e+001  6.4366875e-001
  1.0540000e+001  7.6121325e-001
  1.0550000e+001  1.1016839e+000
  1.0560000e+001  4.8419346e-001
  1.0570000e+001  1.0550619e+000
  1.0580000e+001  7.1504829e-001
  1.0590000e+001  3.2148713e-001
  1.0600000e+001  6.5162180e-001
  1.0610000e+001  5.3950059e-001
  1.0620000e+001  5.2697987e-001
  1.0630000e+001  9.5577511e-001
  1.0640000e+001  2.6558061e-001
  1.0650000e+001  9.3310211e-001
  1.0660000e+001  5.7584495e-001
  1.0670000e+001  9.0090679e-001
  1.0680000e+001  5.7352448e-001
  1.0690000e+001  7.2823577e-001
  1.0700000e+001  6.1914431e-001
  1.0710000e+001  8.9491321e-001
  1.0720000e+001  7.3340462e-001
  1.0730000e+001  9.8147440e-001
  1.0740000e+001  7.9377996e-001
  1.0750000e+001  3.6775216e-001
  1.0760000e+001  5.6302187e-001
  1.0770000e+001  7.9664981e-001
  1.0780000e+001  7.7423628e-001
  1.0790000e+001  4.4496049e-001
  1.0800000e+001  5.8771101e-001
  1.0810000e+001  2.8625402e-001
  1.0820000e+001  8.8887203e-001
  1.0830000e+001  7.4478176e-001
  1.0840000e+001  8.8249838e-001
  1.0850000e+001  6.1974515e-001
  1.0860000e+001  8.1254223e-001
  1.0870000e+001  7.0708476e-001
  1.0880000e+001  8.3350491e-001
  1.0890000e+001  7.0794761e-001
  1.0900000e+001  9.7136140e-001
  1.0910000e+001  5.0010961e-001
  1.0920000e+001  9.6935686e-001
  1.0930000e+001  7.9451019e-001
  1.0940000e+001  1.0530638e+000
  1.0950000e+001  9.3096064e-001
  1.0960000e+001  1.0214921e+000
  1.0970000e+001  9.8231946e-001
  1.0980000e+001  7.3090654e-001
  1.0990000e+001  8.6253748e-001
  1.1000000e+001  8.6574845e-001
  1.1010000e+001  7.5571389e-001
  1.1020000e+001  5.2567725e-001
  1.1030000e+001  1.0232661e+000
  1.1040000e+001  1.0599451e+000
  1.1050000e+001  6.4802565e-001
  1.1060000e+001  6.1167770e-001
  1.1070000e+001  8.4621865e-001
  1.1080000e+001  9.6339787e-001
  1.1090000e+001  7.5750303e-001
  1.1100000e+001  7.7356674e-001
  1.1110000e+001  8.8303314e-001
  1.1120000e+001  9.1093750e-001
  1.1130000e+001  9.7814096e-001
  1.1140000e+001  8.2957945e-001
  1.1150000e+001  9.5804226e-001
  1.1160000e+001  8.7956024e-001
  1.1170000e+001  1.0655897e+000
  1.1180000e+001  6.4488913e-001
  1.1190000e+001  6.3598133e-001
  1.1200000e+001  8.1209215e-001
  1.1210000e+001  6.9525080e-001
  1.1220000e+001  7.6746386e-001
  1.1230000e+001  4.8391035e-001
  1.1240000e+001  6.3095879e-001
  1.1250000e+001  8.3190795e-001
  1.1260000e+001  4.2419125e-001
  1.1270000e+001  5.8038808e-001
  1.1280000e+001  7.6250558e-001
  1.1290000e+001  5.9894713e-001
  1.1300000e+001  4.8669492e-001
  1.1310000e+001  7.8777099e-001
  1.1320000e+001  8.4245018e-001
  1.1330000e+001  1.1344838e+000
  1.1340000e+001  7.5036283e-001
  1.1350000e+001  9.2651885e-001
  1.1360000e+001  9.0490677e-001
  1.1370000e+001  5.2842563e-001
  1.1380000e+001  8.4775329e-001
  1.1390000e+001  8.8617674e-001
  1.1400000e+001  7.9611229e-001
  1.1410000e+001  9.4222739e-001
  1.1420000e+001  8.0276398e-001
  1.1430000e+001  8.4026885e-001
  1.1440000e+001  4.8853327e-001
  1.1450000e+001  9.9929891e-001
  1.1460000e+001  4.2419031e-001
  1.1470000e+001  6.6912892e-001
  1.1480000e+001  6.8927533e-001
  1.1490000e+001  8.4895944e-001
  1.1500000e+001  5.0040119e-001
  1.1510000e+001  7.6166666e-001
  1.1520000e+001  4.7839131e-001
  1.1530000e+001  9.2851118e-001
  1.1540000e+001  5.1553007e-001
  1.1550000e+001  8.3009501e-001
  1.1560000e+001  5.9643160e-001
  1.1570000e+001  5.8611253e-001
  1.1580000e+001  7.3335963e-001
  1.1590000e+001  7.6954313e-001
  1.1600000e+001  9.1991404e-001
  1.1610000e+001  6.3562419e-001
  1.1620000e+001  1.0320012e+000
  1.1630000e+001  8.9239205e-001
  1.1640000e+001  5.8282180e-001
  1.1650000e+001  4.2878123e-001
  1.1660000e+001  8.0393517e-001
  1.1670000e+001  5.1478180e-001
  1.1680000e+001  8.1359975e-001
  1.1690000e+001  1.1641402e+000
  1.1700000e+001  8.1907225e-001
  1.1710000e+001  8.6919434e-001
  1.1720000e+001  6.0885810e-001
  1.1730000e+001  9.0964603e-001
  1.1740000e+001  8.6177533e-001
  1.1750000e+001  8.3798338e-001
  1.1760000e+001  9.7772824e-001
  1.1770000e+001  1.0444468e+000
  1.1780000e+001  6.4881270e-001
  1.1790000e+001  6.8980075e-001
  1.1800000e+001  6.5953535e-001
  1.1810000e+001  7.7192360e-001
  1.1820000e+001  6.6926732e-001
  1.1830000e+001  7.7294929e-001
  1.1840000e+001  5.3738971e-001
  1.1850000e+001  8.1231242e-001
  1.1860000e+001  7.1353148e-001
  1.1870000e+001  7.8422001e-001
  1.1880000e+001  8.5292163e-001
  1.1890000e+001  8.8229476e-001
  1.1900000e+001  4.5472330e-001
  1.1910000e+001  9.8619783e-001
  1.1920000e+001  5.6466880e-001
  1.1930000e+001  7.2282995e-001
  1.1940000e+001  5.5903416e-001
  1.1950000e+001  5.7031394e-001
  1.1960000e+001  7.8427655e-001
  1.1970000e+001  5.1944412e-001
  1.1980000e+001  3.9591395e-001
  1.1990000e+001  3.7814362e-001
  1.2000000e+001  6.4289133e-001
  1.2010000e+001  8.7833282e-001
  1.2020000e+001  5.9267004e-001
  1.2030000e+001  9.3119199e-001
  1.2040000e+001  8.2643055e-001
  1.2050000e+001  8.0514172e-001
  1.2060000e+001  8.0326371e-001
  1.2070000e+001  1.3167352e+000
  1.2080000e+001  6.7651327e-001
  1.2090000e+001  8.0617180e-001
  1.2100000e+001  2.6471702e-001
  1.2110000e+001  7.7829508e-001
  1.2120000e+001  5.7489527e-001
  1.2130000e+001  7.7051188e-001
  1.2140000e+001  7.9973448e-001
  1.2150000e+001  2.4614395e-001
  1.2160000e+001  7.2829514e-001
  1.2170000e+001  9.1882388e-001
  1.2180000e+001  1.0818324e+000
  1.2190000e+001  8.7581211e-001
  1.2200000e+001  4.3292105e-001
  1.2210000e+001  7.6530336e-001
  1.2220000e+001  5.6756341e-001
  1.2230000e+001  8.8055258e-001
  1.2240000e+001  6.0043310e-001
  1.2250000e+001  8.4204931e-001
  1.2260000e+001  7.7970215e-001
  1.2270000e+001  8.7321793e-001
  1.2280000e+001  9.2746697e-001
  1.2290000e+001  1.0797426e+000
  1.2300000e+001  5.3129369e-001
  1.2310000e+001  1.0124060e+000
  1.2320000e+001  9.0036722e-001
  1.2330000e+001  7.1191072e-001
  1.2340000e+001  7.2663200e-001
  1.2350000e+001  5.9733569e-001
  1.2360000e+001  9.0082363e-001
  1.2370000e+001  7.8079937e-001
  1.2380000e+001  4.5027973e-001
  1.2390000e+001  8.8115860e-001
  1.2400000e+001  8.6735695e-001
  1.2410000e+001  6.8488327e-001
  1.2420000e+001  5.9246228e-001
  1.2430000e+001  4.3406764e-001
  1.2440000e+001  9.6677707e-001
  1.2450000e+001  5.4037180e-001
  1.2460000e+001  9.9666757e-001
  1.2470000e+001  8.1778521e-001
  1.2480000e+001  8.9103680e-001
  1.2490000e+001  5.8812804e-001
  1.2500000e+001  7.4754787e-001
