  0.0000000e+000 -1.6653335e-001
  1.0000000e-002 -1.0416627e-001
  2.0000000e-002 -8.0560978e-002
  3.0000000e-002  4.1521883e-001
  4.0000000e-002  4.8639350e-002
  5.0000000e-002 -2.9385531e-001
  6.0000000e-002  9.8822879e-002
  7.0000000e-002 -3.4755992e-002
  8.0000000e-002  1.9089512e-001
  9.0000000e-002  1.5428003e-001
  1.0000000e-001 -2.5766457e-001
  1.1000000e-001  8.6070575e-002
  1.2000000e-001 -2.3305682e-001
  1.3000000e-001 -2.8628974e-001
  1.4000000e-001  1.5181266e-002
  1.5000000e-001 -1.1776412e-001
  1.6000000e-001 -1.3533039e-001
  1.7000000e-001  7.5542995e-002
  1.8000000e-001 -1.6895949e-001
  1.9000000e-001  3.8929131e-003
  2.0000000e-001 -3.0455135e-001
  2.1000000e-001 -1.0335755e-001
  2.2000000e-001 -3.3774436e-001
  2.3000000e-001 -4.1370861e-001
  2.4000000e-001 -2.2322920e-002
  2.5000000e-001 -4.6550648e-002
  2.6000000e-001 -5.9559943e-002
  2.7000000e-001 -2.5307122e-001
  2.8000000e-001  5.8680602e-002
  2.9000000e-001 -2.6833947e-001
  3.0000000e-001 -2.5618370e-002
  3.1000000e-001 -3.4854018e-001
  3.2000000e-001 -1.3443007e-001
  3.3000000e-001  4.1217428e-003
  3.4000000e-001 -2.4391805e-001
  3.5000000e-001 -3.5799760e-001
  3.6000000e-001 -6.7874011e-002
  3.7000000e-001 -3.2334889e-001
  3.8000000e-001 -2.1799965e-001
  3.9000000e-001 -2.1567199e-001
  4.0000000e-001 -1.7325951e-001
  4.1000000e-001 -3.8625511e-001
  4.2000000e-001 -2.0228798e-001
  4.3000000e-001 -1.2129418e-001
  4.4000000e-001 -3.3570645e-001
  4.5000000e-001 -3.8302915e-001
  4.6000000e-001 -3.1415212e-001
  4.7000000e-001 -1.3446257e-001
  4.8000000e-001 -1.1203296e-001
  4.9000000e-001 -1.1598095e-001
  5.0000000e-001 -6.9427575e-001
  5.1000000e-001 -2.2984749e-001
  5.2000000e-001 -4.1256636e-001
  5.3000000e-001 -2.0775282e-001
  5.4000000e-001  1.1604366e-001
  5.5000000e-001 -3.0012065e-001
  5.6000000e-001 -4.0589686e-002
  5.7000000e-001 -2.2064646e-001
  5.8000000e-001 -1.5369070e-001
  5.9000000e-001 -2.6688049e-001
  6.0000000e-001 -7.9109484e-002
  6.1000000e-001 -2.5413856e-001
  6.2000000e-001 -6.6412532e-002
  6.3000000e-001 -1.8850729e-001
  6.4000000e-001 -6.1256676e-001
  6.5000000e-001 -2.7904034e-001
  6.6000000e-001 -4.0112340e-001
  6.7000000e-001 -6.8219822e-001
  6.8000000e-001 -1.1578893e-002
  6.9000000e-001 -3.6777466e-001
  7.0000000e-001 -3.3522804e-001
  7.1000000e-001 -2.8731575e-001
  7.2000000e-001 -2.6665108e-001
  7.3000000e-001  3.1339101e-002
  7.4000000e-001 -3.2898309e-001
  7.5000000e-001 -3.0881339e-002
  7.6000000e-001 -7.9248229e-002
  7.7000000e-001 -5.0461682e-001
  7.8000000e-001 -6.6375045e-002
  7.9000000e-001 -5.0354488e-002
  8.0000000e-001  8.3617043e-002
  8.1000000e-001 -1.3105356e-001
  8.2000000e-001 -3.1523761e-001
  8.3000000e-001 -4.9021881e-001
  8.4000000e-001 -3.8928430e-001
  8.5000000e-001 -4.4816491e-001
  8.6000000e-001 -2.7976503e-001
  8.7000000e-001 -4.9105509e-001
  8.8000000e-001 -4.2145072e-001
  8.9000000e-001 -1.5043223e-001
  9.0000000e-001 -5.6932355e-002
  9.1000000e-001  3.5640313e-001
  9.2000000e-001 -4.0560413e-001
  9.3000000e-001 -2.0164134e-001
  9.4000000e-001 -1.1362537e-001
  9.5000000e-001  3.1113050e-003
  9.6000000e-001 -1.2218128e-001
  9.7000000e-001 -3.4085917e-002
  9.8000000e-001 -2.0871600e-001
  9.9000000e-001 -2.8984392e-001
  1.0000000e+000 -2.0707033e-001
  1.0100000e+000 -8.5700671e-002
  1.0200000e+000 -2.7273954e-001
  1.0300000e+000  1.2713068e-001
  1.0400000e+000 -9.6153087e-003
  1.0500000e+000  2.3076822e-001
  1.0600000e+000 -2.2788222e-001
  1.0700000e+000 -1.4762849e-001
  1.0800000e+000 -1.7327189e-001
  1.0900000e+000 -5.1746251e-001
  1.1000000e+000 -2.5027856e-001
  1.1100000e+000 -6.2503033e-001
  1.1200000e+000  1.6293247e-001
  1.1300000e+000 -2.6340762e-001
  1.1400000e+000 -2.1675128e-001
  1.1500000e+000 -3.2448575e-001
  1.1600000e+000 -5.3168712e-001
  1.1700000e+000  4.1644009e-002
  1.1800000e+000 -2.4635381e-001
  1.1900000e+000 -3.0460075e-001
  1.2000000e+000 -6.7782796e-002
  1.2100000e+000 -4.3093931e-001
  1.2200000e+000  1.4414115e-001
  1.2300000e+000 -2.0642548e-002
  1.2400000e+000 -6.5406612e-002
  1.2500000e+000  4.2989192e-002
  1.2600000e+000 -2.8131992e-001
  1.2700000e+000 -6.3153405e-001
  1.2800000e+000 -1.3022204e-002
  1.2900000e+000 -3.4977393e-002
  1.3000000e+000 -5.8943714e-002
  1.3100000e+000 -5.6413651e-002
  1.3200000e+000  3.0503483e-002
  1.3300000e+000 -8.3902963e-002
  1.3400000e+000  1.3587272e-001
  1.3500000e+000  2.9524689e-002
  1.3600000e+000 -1.7394713e-001
  1.3700000e+000  2.1242011e-001
  1.3800000e+000  5.2050354e-002
  1.3900000e+000  2.6337411e-001
  1.4000000e+000 -2.0861092e-002
  1.4100000e+000  2.7721555e-001
  1.4200000e+000  2.3896783e-002
  1.4300000e+000  6.6372322e-002
  1.4400000e+000  3.4081743e-002
  1.4500000e+000  1.3322131e-001
  1.4600000e+000 -2.8550986e-001
  1.4700000e+000  2.9438960e-001
  1.4800000e+000  1.3108347e-002
  1.4900000e+000 -1.2073905e-001
  1.5000000e+000  1.2097261e-001
  1.5100000e+000  3.9052464e-002
  1.5200000e+000  2.1755859e-001
  1.5300000e+000 -2.4851356e-001
  1.5400000e+000  1.0524725e-001
  1.5500000e+000 -6.7704742e-002
  1.5600000e+000  1.6993050e-001
  1.5700000e+000  1.4158907e-001
  1.5800000e+000  2.1311424e-001
  1.5900000e+000  2.3836978e-002
  1.6000000e+000  2.5942578e-001
  1.6100000e+000 -2.9957595e-002
  1.6200000e+000 -3.9541750e-002
  1.6300000e+000  3.5496258e-001
  1.6400000e+000 -4.2735234e-001
  1.6500000e+000  4.0939604e-001
  1.6600000e+000 -2.6255033e-003
  1.6700000e+000  2.4850028e-001
  1.6800000e+000  2.7039922e-002
  1.6900000e+000  4.7347947e-001
  1.7000000e+000  2.1555293e-001
  1.7100000e+000  3.8314125e-002
  1.7200000e+000  4.9484944e-002
  1.7300000e+000  1.9073368e-001
  1.7400000e+000  9.1987995e-002
  1.7500000e+000  4.9075842e-001
  1.7600000e+000  1.8395550e-001
  1.7700000e+000 -8.3585924e-002
  1.7800000e+000  1.9383316e-001
  1.7900000e+000  4.2974841e-001
  1.8000000e+000  2.6740256e-002
  1.8100000e+000  2.9006059e-001
  1.8200000e+000  3.6533849e-001
  1.8300000e+000  5.2942120e-001
  1.8400000e+000  7.3360555e-001
  1.8500000e+000  1.7566490e-001
  1.8600000e+000  5.0454920e-002
  1.8700000e+000  1.3683872e-001
  1.8800000e+000  3.0919962e-001
  1.8900000e+000  7.5309136e-002
  1.9000000e+000  5.7188155e-001
  1.9100000e+000  2.6809890e-001
  1.9200000e+000  1.8176052e-001
  1.9300000e+000  2.4910460e-001
  1.9400000e+000  1.0423477e-001
  1.9500000e+000  1.1243864e-001
  1.9600000e+000  3.1769798e-001
  1.9700000e+000  5.3700013e-002
  1.9800000e+000  5.9975075e-001
  1.9900000e+000  1.3611402e-001
  2.0000000e+000 -6.8061930e-003
  2.0100000e+000  2.3616829e-001
  2.0200000e+000  5.0829107e-001
  2.0300000e+000  1.8739984e-001
  2.0400000e+000  7.6361663e-001
  2.0500000e+000  6.1540325e-001
  2.0600000e+000  8.6576775e-002
  2.0700000e+000  2.7130572e-001
  2.0800000e+000  5.1621771e-001
  2.0900000e+000 -2.4662501e-002
  2.1000000e+000  1.1100496e-003
  2.1100000e+000  3.2346645e-001
  2.1200000e+000  5.9704864e-001
  2.1300000e+000 -6.9570743e-002
  2.1400000e+000  5.6790060e-001
  2.1500000e+000  6.2908210e-001
  2.1600000e+000  4.4999487e-001
  2.1700000e+000 -8.5228825e-002
  2.1800000e+000  5.6796726e-001
  2.1900000e+000  3.4551263e-001
  2.2000000e+000  2.2720815e-001
  2.2100000e+000  3.8284560e-001
  2.2200000e+000  4.2208721e-001
  2.2300000e+000  5.1303891e-001
  2.2400000e+000  3.7114725e-002
  2.2500000e+000  6.5976007e-001
  2.2600000e+000  7.8848631e-001
  2.2700000e+000  7.8481196e-001
  2.2800000e+000  5.1280111e-001
  2.2900000e+000  5.0457659e-001
  2.3000000e+000  7.0174980e-001
  2.3100000e+000  6.0886888e-001
  2.3200000e+000  5.1600995e-001
  2.3300000e+000  6.6813911e-001
  2.3400000e+000  5.1447349e-002
  2.3500000e+000  7.5222616e-001
  2.3600000e+000  5.2493087e-001
  2.3700000e+000  4.3099558e-001
  2.3800000e+000  4.1642871e-001
  2.3900000e+000  4.6235677e-001
  2.4000000e+000  8.3608183e-001
  2.4100000e+000  3.9654212e-001
  2.4200000e+000  9.1569327e-001
  2.4300000e+000  7.0139531e-001
  2.4400000e+000  4.9896665e-001
  2.4500000e+000  5.1897893e-001
  2.4600000e+000  2.1194761e-001
  2.4700000e+000  6.7442127e-001
  2.4800000e+000  5.8645726e-001
  2.4900000e+000  6.5505457e-001
  2.5000000e+000  8.0785627e-001
  2.5100000e+000  6.4707015e-001
  2.5200000e+000  7.2197649e-001
  2.5300000e+000  4.6162438e-001
  2.5400000e+000  7.1366118e-001
  2.5500000e+000  2.9646819e-001
  2.5600000e+000  2.3263963e-001
  2.5700000e+000  7.9827793e-001
  2.5800000e+000  7.9652297e-001
  2.5900000e+000  1.4930819e-001
  2.6000000e+000  7.6245705e-001
  2.6100000e+000  3.3890702e-001
  2.6200000e+000  7.4995607e-001
  2.6300000e+000  5.1163851e-001
  2.6400000e+000  8.9409992e-001
  2.6500000e+000  8.4406164e-001
  2.6600000e+000  4.5380534e-001
  2.6700000e+000  3.1673485e-001
  2.6800000e+000  9.7635414e-001
  2.6900000e+000  3.8172403e-001
  2.7000000e+000  6.1468619e-001
  2.7100000e+000  4.8234106e-001
  2.7200000e+000  3.7843068e-001
  2.7300000e+000  8.9810278e-001
  2.7400000e+000  6.0816735e-001
  2.7500000e+000  7.3910045e-001
  2.7600000e+000  2.2592436e-001
  2.7700000e+000  7.9484274e-001
  2.7800000e+000  5.6471152e-001
  2.7900000e+000  1.0436874e+000
  2.8000000e+000  8.5007740e-001
  2.8100000e+000  5.8649142e-001
  2.8200000e+000  9.8913655e-001
  2.8300000e+000  7.3257238e-001
  2.8400000e+000  6.1551254e-001
  2.8500000e+000  6.1020005e-001
  2.8600000e+000  6.1587042e-001
  2.8700000e+000  4.0800733e-001
  2.8800000e+000  5.2907485e-001
  2.8900000e+000  5.4332250e-001
  2.9000000e+000  5.1361015e-001
  2.9100000e+000  8.3538254e-001
  2.9200000e+000  8.7517359e-001
  2.9300000e+000  6.2198333e-001
  2.9400000e+000  7.9622482e-001
  2.9500000e+000  6.1318163e-001
  2.9600000e+000  8.6196350e-001
  2.9700000e+000  8.4262000e-001
  2.9800000e+000  6.3548960e-001
  2.9900000e+000  5.9345043e-001
  3.0000000e+000  6.0273401e-001
  3.0100000e+000  6.5867001e-001
  3.0200000e+000  3.9253522e-001
  3.0300000e+000  8.2235232e-001
  3.0400000e+000  8.7035907e-001
  3.0500000e+000  7.3642289e-001
  3.0600000e+000  5.9887690e-001
  3.0700000e+000  9.0854772e-001
  3.0800000e+000  6.9816683e-001
  3.0900000e+000  8.8002339e-001
  3.1000000e+000  5.3563668e-001
  3.1100000e+000  9.6222727e-001
  3.1200000e+000  9.8025083e-001
  3.1300000e+000  6.9180307e-001
  3.1400000e+000  7.3992798e-001
  3.1500000e+000  7.0703762e-001
  3.1600000e+000  3.8786348e-001
  3.1700000e+000  9.7759060e-001
  3.1800000e+000  7.6678771e-001
  3.1900000e+000  9.1677766e-001
  3.2000000e+000  9.4940809e-001
  3.2100000e+000  8.9682119e-001
  3.2200000e+000  9.1038213e-001
  3.2300000e+000  6.8507984e-001
  3.2400000e+000  4.8375937e-001
  3.2500000e+000  1.1047778e+000
  3.2600000e+000  6.8482212e-001
  3.2700000e+000  2.4046603e-001
  3.2800000e+000  1.1259073e+000
  3.2900000e+000  4.5541277e-001
  3.3000000e+000  8.7898696e-001
  3.3100000e+000  9.7924886e-001
  3.3200000e+000  1.1523758e+000
  3.3300000e+000  9.7231641e-001
  3.3400000e+000  6.5307471e-001
  3.3500000e+000  7.8707784e-001
  3.3600000e+000  7.5850812e-001
  3.3700000e+000  8.1562918e-001
  3.3800000e+000  9.5129631e-001
  3.3900000e+000  6.4921714e-001
  3.4000000e+000  4.6506514e-001
  3.4100000e+000  6.0416950e-001
  3.4200000e+000  5.0699996e-001
  3.4300000e+000  7.9261785e-001
  3.4400000e+000  1.0630771e+000
  3.4500000e+000  1.0298755e+000
  3.4600000e+000  5.2149724e-001
  3.4700000e+000  1.4023443e+000
  3.4800000e+000  8.4177649e-001
  3.4900000e+000  9.1458872e-001
  3.5000000e+000  7.6021293e-001
  3.5100000e+000  4.9747672e-001
  3.5200000e+000  1.0155278e+000
  3.5300000e+000  5.2159510e-001
  3.5400000e+000  6.5812218e-001
  3.5500000e+000  8.4444977e-001
  3.5600000e+000  9.9734141e-001
  3.5700000e+000  6.0205982e-001
  3.5800000e+000  8.3366254e-001
  3.5900000e+000  7.5234467e-001
  3.6000000e+000  7.7211198e-001
  3.6100000e+000  1.2429991e+000
  3.6200000e+000  8.2549739e-001
  3.6300000e+000  1.0102329e+000
  3.6400000e+000  7.5774067e-001
  3.6500000e+000  8.2113397e-001
  3.6600000e+000  1.0508874e+000
  3.6700000e+000  1.0347290e+000
  3.6800000e+000  1.0382452e+000
  3.6900000e+000  7.2033799e-001
  3.7000000e+000  9.8760885e-001
  3.7100000e+000  8.5795982e-001
  3.7200000e+000  8.8419811e-001
  3.7300000e+000  1.0284270e+000
  3.7400000e+000  9.4308774e-001
  3.7500000e+000  1.0542858e+000
  3.7600000e+000  9.9667923e-001
  3.7700000e+000  1.1519388e+000
  3.7800000e+000  8.2598136e-001
  3.7900000e+000  7.5977977e-001
  3.8000000e+000  8.5449942e-001
  3.8100000e+000  9.0531543e-001
  3.8200000e+000  1.0601759e+000
  3.8300000e+000  7.6241709e-001
  3.8400000e+000  7.9916197e-001
  3.8500000e+000  4.8657291e-001
  3.8600000e+000  5.9328459e-001
  3.8700000e+000  1.2101419e+000
  3.8800000e+000  6.4850606e-001
  3.8900000e+000  9.2105074e-001
  3.9000000e+000  1.0840446e+000
  3.9100000e+000  1.0375660e+000
  3.9200000e+000  9.8298707e-001
  3.9300000e+000  8.8498462e-001
  3.9400000e+000  8.4306368e-001
  3.9500000e+000  8.3099306e-001
  3.9600000e+000  6.1529729e-001
  3.9700000e+000  5.9257738e-001
  3.9800000e+000  1.0374596e+000
  3.9900000e+000  8.2266174e-001
  4.0000000e+000  7.2710807e-001
  4.0100000e+000  8.1995698e-001
  4.0200000e+000  1.0451390e+000
  4.0300000e+000  1.2165235e+000
  4.0400000e+000  5.9214241e-001
  4.0500000e+000  7.2040613e-001
  4.0600000e+000  1.2325708e+000
  4.0700000e+000  8.6208947e-001
  4.0800000e+000  1.1377155e+000
  4.0900000e+000  8.5295992e-001
  4.1000000e+000  1.0052330e+000
  4.1100000e+000  9.6219923e-001
  4.1200000e+000  9.6386859e-001
  4.1300000e+000  9.1029073e-001
  4.1400000e+000  7.2836128e-001
  4.1500000e+000  1.0480538e+000
  4.1600000e+000  7.0410516e-001
  4.1700000e+000  6.4143983e-001
  4.1800000e+000  6.7264399e-001
  4.1900000e+000  9.9129731e-001
  4.2000000e+000  6.5602388e-001
  4.2100000e+000  1.1020534e+000
  4.2200000e+000  7.4041746e-001
  4.2300000e+000  1.1143719e+000
  4.2400000e+000  6.9006339e-001
  4.2500000e+000  9.9661648e-001
  4.2600000e+000  8.6437420e-001
  4.2700000e+000  5.9344465e-001
  4.2800000e+000  1.0470494e+000
  4.2900000e+000  9.6347343e-001
  4.3000000e+000  8.8763817e-001
  4.3100000e+000  1.0337206e+000
  4.3200000e+000  8.3654637e-001
  4.3300000e+000  1.1574177e+000
  4.3400000e+000  7.7799577e-001
  4.3500000e+000  9.6108411e-001
  4.3600000e+000  4.7011450e-001
  4.3700000e+000  1.0970728e+000
  4.3800000e+000  1.0713836e+000
  4.3900000e+000  8.3438655e-001
  4.4000000e+000  1.0034160e+000
  4.4100000e+000  1.0622116e+000
  4.4200000e+000  6.3946048e-001
  4.4300000e+000  6.7220153e-001
  4.4400000e+000  7.0580346e-001
  4.4500000e+000  5.8368255e-001
  4.4600000e+000  9.8001510e-001
  4.4700000e+000  7.5054903e-001
  4.4800000e+000  1.0082398e+000
  4.4900000e+000  8.0800251e-001
  4.5000000e+000  1.1340892e+000
  4.5100000e+000  8.8731965e-001
  4.5200000e+000  7.9099394e-001
  4.5300000e+000  1.0602587e+000
  4.5400000e+000  8.9322579e-001
  4.5500000e+000  7.1006242e-001
  4.5600000e+000  7.8788288e-001
  4.5700000e+000  1.4109927e+000
  4.5800000e+000  7.3058294e-001
  4.5900000e+000  8.7094400e-001
  4.6000000e+000  9.9994415e-001
  4.6100000e+000  8.6933988e-001
  4.6200000e+000  1.0234848e+000
  4.6300000e+000  9.0532999e-001
  4.6400000e+000  6.1887140e-001
  4.6500000e+000  7.5532231e-001
  4.6600000e+000  1.0028510e+000
  4.6700000e+000  9.6305535e-001
  4.6800000e+000  1.1716618e+000
  4.6900000e+000  7.3967854e-001
  4.7000000e+000  8.3548455e-001
  4.7100000e+000  1.1497577e+000
  4.7200000e+000  6.3127909e-001
  4.7300000e+000  9.4993484e-001
  4.7400000e+000  7.2911927e-001
  4.7500000e+000  1.1747398e+000
  4.7600000e+000  1.0147932e+000
  4.7700000e+000  8.2573518e-001
  4.7800000e+000  1.1053598e+000
  4.7900000e+000  1.2077189e+000
  4.8000000e+000  4.2706682e-001
  4.8100000e+000  1.2998735e+000
  4.8200000e+000  7.2832556e-001
  4.8300000e+000  7.8042751e-001
  4.8400000e+000  1.1073730e+000
  4.8500000e+000  1.0777872e+000
  4.8600000e+000  1.3106521e+000
  4.8700000e+000  6.2221171e-001
  4.8800000e+000  1.0348457e+000
  4.8900000e+000  8.1116637e-001
  4.9000000e+000  1.0032768e+000
  4.9100000e+000  1.0999729e+000
  4.9200000e+000  7.3273596e-001
  4.9300000e+000  8.4946245e-001
  4.9400000e+000  7.7340642e-001
  4.9500000e+000  6.2014148e-001
  4.9600000e+000  7.8957756e-001
  4.9700000e+000  8.8673297e-001
  4.9800000e+000  1.1573375e+000
  4.9900000e+000  1.2238277e+000
  5.0000000e+000  1.0446066e+000
  5.0100000e+000  9.3069837e-001
  5.0200000e+000  7.5535367e-001
  5.0300000e+000  9.2584393e-001
  5.0400000e+000  7.7314346e-001
  5.0500000e+000  8.5600687e-001
  5.0600000e+000  7.4160070e-001
  5.0700000e+000  7.2551410e-001
  5.0800000e+000  7.6869149e-001
  5.0900000e+000  8.1914983e-001
  5.1000000e+000  8.6003637e-001
  5.1100000e+000  8.5398981e-001
  5.1200000e+000  1.1026000e+000
  5.1300000e+000  5.3248580e-001
  5.1400000e+000  7.8586449e-001
  5.1500000e+000  1.0051885e+000
  5.1600000e+000  8.2146501e-001
  5.1700000e+000  7.5730969e-001
  5.1800000e+000  5.9187214e-001
  5.1900000e+000  8.6955186e-001
  5.2000000e+000  9.2436608e-001
  5.2100000e+000  7.4827929e-001
  5.2200000e+000  9.3086989e-001
  5.2300000e+000  7.3654222e-001
  5.2400000e+000  8.6705020e-001
  5.2500000e+000  6.6894803e-001
  5.2600000e+000  7.8581004e-001
  5.2700000e+000  7.1425873e-001
  5.2800000e+000  1.0578514e+000
  5.2900000e+000  6.1981086e-001
  5.3000000e+000  7.2913167e-001
  5.3100000e+000  8.0149877e-001
  5.3200000e+000  9.7003226e-001
  5.3300000e+000  8.5938239e-001
  5.3400000e+000  7.0196093e-001
  5.3500000e+000  8.3324937e-001
  5.3600000e+000  1.0880459e+000
  5.3700000e+000  9.1363005e-001
  5.3800000e+000  7.0430704e-001
  5.3900000e+000  1.0056511e+000
  5.4000000e+000  8.1584637e-001
  5.4100000e+000  9.2859878e-001
  5.4200000e+000  8.3296697e-001
  5.4300000e+000  7.0803243e-001
  5.4400000e+000  6.4911968e-001
  5.4500000e+000  7.4798588e-001
  5.4600000e+000  1.0457467e+000
  5.4700000e+000  4.3109428e-001
  5.4800000e+000  6.7984145e-001
  5.4900000e+000  6.0100402e-001
  5.5000000e+000  4.6881310e-001
  5.5100000e+000  9.4304187e-001
  5.5200000e+000  9.7638519e-001
  5.5300000e+000  8.8000107e-001
  5.5400000e+000  9.8676126e-001
  5.5500000e+000  8.9808156e-001
  5.5600000e+000  7.4506973e-001
  5.5700000e+000  8.8906586e-001
  5.5800000e+000  6.7711507e-001
  5.5900000e+000  5.5250506e-001
  5.6000000e+000  4.0927219e-001
  5.6100000e+000  8.9251548e-001
  5.6200000e+000  1.0662478e+000
  5.6300000e+000  1.0106859e+000
  5.6400000e+000  1.2856518e+000
  5.6500000e+000  7.0628951e-001
  5.6600000e+000  1.1417866e+000
  5.6700000e+000  6.1289988e-001
  5.6800000e+000  4.1552215e-001
  5.6900000e+000  7.6123482e-001
  5.7000000e+000  8.1763713e-001
  5.7100000e+000  8.8251857e-001
  5.7200000e+000  9.9491965e-001
  5.7300000e+000  8.5833543e-001
  5.7400000e+000  9.3868530e-001
  5.7500000e+000  5.1153011e-001
  5.7600000e+000  7.2094582e-001
  5.7700000e+000  7.4194313e-001
  5.7800000e+000  6.4550827e-001
  5.7900000e+000  8.7872793e-001
  5.8000000e+000  1.0963266e+000
  5.8100000e+000  9.4888689e-001
  5.8200000e+000  6.7944841e-001
  5.8300000e+000  5.0516517e-001
  5.8400000e+000  6.8444163e-001
  5.8500000e+000  8.9114473e-001
  5.8600000e+000  3.1018120e-001
  5.8700000e+000  8.7294676e-001
  5.8800000e+000  9.1743138e-001
  5.8900000e+000  6.7649476e-001
  5.9000000e+000  1.2224913e+000
  5.9100000e+000  7.2786247e-001
  5.9200000e+000  1.0614842e+000
  5.9300000e+000  6.5518530e-001
  5.9400000e+000  7.8053234e-001
  5.9500000e+000  7.8790179e-001
  5.9600000e+000  5.6321680e-001
  5.9700000e+000  9.2482064e-001
  5.9800000e+000  9.4521764e-001
  5.9900000e+000  8.8696764e-001
  6.0000000e+000  6.9779657e-001
  6.0100000e+000  6.5221471e-001
  6.0200000e+000  5.2837736e-001
  6.0300000e+000  6.4282216e-001
  6.0400000e+000  6.3697241e-001
  6.0500000e+000  7.5046489e-001
  6.0600000e+000  6.7898675e-001
  6.0700000e+000  7.9874868e-001
  6.0800000e+000  1.1606658e+000
  6.0900000e+000  6.1949760e-001
  6.1000000e+000  3.0763662e-001
  6.1100000e+000  9.4668965e-001
  6.1200000e+000  3.7165557e-001
  6.1300000e+000  7.5300720e-001
  6.1400000e+000  9.9342772e-001
  6.1500000e+000  1.0033368e+000
  6.1600000e+000  8.0189042e-001
  6.1700000e+000  7.1333533e-001
  6.1800000e+000  8.0335735e-001
  6.1900000e+000  8.7391634e-001
  6.2000000e+000  5.8523513e-001
  6.2100000e+000  9.3792702e-001
  6.2200000e+000  1.0565376e+000
  6.2300000e+000  7.4856007e-001
  6.2400000e+000  5.4806086e-001
  6.2500000e+000  9.1762014e-001
  6.2600000e+000  7.2904439e-001
  6.2700000e+000  8.2060724e-001
  6.2800000e+000  4.3739756e-001
  6.2900000e+000  7.5803172e-001
  6.3000000e+000  7.0902566e-001
  6.3100000e+000  7.4181431e-001
  6.3200000e+000  9.1705342e-001
  6.3300000e+000  6.6003800e-001
  6.3400000e+000  7.6624968e-001
  6.3500000e+000  6.6836627e-001
  6.3600000e+000  6.5700203e-001
  6.3700000e+000  6.3782314e-001
  6.3800000e+000  5.8774703e-001
  6.3900000e+000  7.5674960e-001
  6.4000000e+000  5.4817312e-001
  6.4100000e+000  6.0330609e-001
  6.4200000e+000  7.6539028e-001
  6.4300000e+000  9.8231915e-001
  6.4400000e+000  8.5569432e-001
  6.4500000e+000  6.1631074e-001
  6.4600000e+000  9.9186700e-001
  6.4700000e+000  6.9653174e-001
  6.4800000e+000  5.7922663e-001
  6.4900000e+000  3.4332627e-001
  6.5000000e+000  5.4127540e-001
  6.5100000e+000  3.8442285e-001
  6.5200000e+000  7.6519235e-001
  6.5300000e+000  4.6283947e-001
  6.5400000e+000  8.6340109e-001
  6.5500000e+000  5.6143398e-001
  6.5600000e+000  7.1723579e-001
  6.5700000e+000  1.0244077e+000
  6.5800000e+000  5.9838683e-001
  6.5900000e+000  5.0561284e-001
  6.6000000e+000  7.6660404e-001
  6.6100000e+000  6.0783319e-001
  6.6200000e+000  6.4392455e-001
  6.6300000e+000  7.9231091e-001
  6.6400000e+000  5.8489884e-001
  6.6500000e+000  6.4703211e-001
  6.6600000e+000  8.7621136e-001
  6.6700000e+000  9.2160189e-001
  6.6800000e+000  7.2998582e-001
  6.6900000e+000  3.2234069e-001
  6.7000000e+000  7.3943315e-001
  6.7100000e+000  5.0474999e-001
  6.7200000e+000  6.4598707e-001
  6.7300000e+000  8.7961339e-001
  6.7400000e+000  5.8262906e-001
  6.7500000e+000  6.4939397e-001
  6.7600000e+000  8.7646524e-001
  6.7700000e+000  1.0020926e+000
  6.7800000e+000  9.0727508e-001
  6.7900000e+000  7.7934046e-001
  6.8000000e+000  1.1388873e+000
  6.8100000e+000  3.9482724e-001
  6.8200000e+000  8.6517243e-001
  6.8300000e+000  1.1223421e+000
  6.8400000e+000  7.5047061e-001
  6.8500000e+000  7.9520769e-001
  6.8600000e+000  5.6683308e-001
  6.8700000e+000  7.8507018e-001
  6.8800000e+000  7.1882847e-001
  6.8900000e+000  8.9230972e-001
  6.9000000e+000  3.7969536e-001
  6.9100000e+000  6.3806077e-001
  6.9200000e+000  7.7978365e-001
  6.9300000e+000  9.1905463e-001
  6.9400000e+000  7.2098330e-001
  6.9500000e+000  5.3585329e-001
  6.9600000e+000  2.2918306e-001
  6.9700000e+000  4.7735869e-001
  6.9800000e+000  9.7559018e-001
  6.9900000e+000  5.5739789e-001
  7.0000000e+000  7.4625562e-001
  7.0100000e+000  6.9939443e-001
  7.0200000e+000  5.7245654e-001
  7.0300000e+000  7.9442383e-001
  7.0400000e+000  5.3315856e-001
  7.0500000e+000  8.0878718e-001
  7.0600000e+000  4.8408657e-001
  7.0700000e+000  8.2487883e-001
  7.0800000e+000  9.1231811e-001
  7.0900000e+000  8.4662149e-001
  7.1000000e+000  8.0044112e-001
  7.1100000e+000  8.4426221e-001
  7.1200000e+000  4.5164559e-001
  7.1300000e+000  7.7339299e-001
  7.1400000e+000  6.5365762e-001
  7.1500000e+000  8.1176544e-001
  7.1600000e+000  5.3064260e-001
  7.1700000e+000  8.7602220e-001
  7.1800000e+000  7.1310236e-001
  7.1900000e+000  6.8663367e-001
  7.2000000e+000  7.9218317e-001
  7.2100000e+000  6.3239204e-001
  7.2200000e+000  7.6633124e-001
  7.2300000e+000  4.3024313e-001
  7.2400000e+000  8.9176984e-001
  7.2500000e+000  3.3445898e-001
  7.2600000e+000  7.7900276e-001
  7.2700000e+000  7.1986996e-001
  7.2800000e+000  6.3050135e-001
  7.2900000e+000  9.7506288e-001
  7.3000000e+000  9.3484397e-001
  7.3100000e+000  8.3450993e-001
  7.3200000e+000  8.7033126e-001
  7.3300000e+000  6.0130260e-001
  7.3400000e+000  4.1299563e-001
  7.3500000e+000  7.8397655e-001
  7.3600000e+000  6.3584314e-001
  7.3700000e+000  5.9466280e-001
  7.3800000e+000  5.3394527e-001
  7.3900000e+000  8.0307962e-001
  7.4000000e+000  5.2129272e-001
  7.4100000e+000  9.7360266e-001
  7.4200000e+000  6.9965586e-001
  7.4300000e+000  5.3222024e-001
  7.4400000e+000  6.4235818e-001
  7.4500000e+000  7.7166821e-001
  7.4600000e+000  1.0727006e+000
  7.4700000e+000  8.3719683e-001
  7.4800000e+000  5.3169723e-001
  7.4900000e+000  6.9304628e-001
  7.5000000e+000  8.1729903e-001
  7.5100000e+000  8.7133500e-001
  7.5200000e+000  4.2793116e-001
  7.5300000e+000  5.8423721e-001
  7.5400000e+000  5.4391996e-001
  7.5500000e+000  8.1080586e-001
  7.5600000e+000  7.7032051e-001
  7.5700000e+000  9.0498432e-001
  7.5800000e+000  7.7739972e-001
  7.5900000e+000  2.6252897e-001
  7.6000000e+000  9.0871245e-001
  7.6100000e+000  7.9663457e-001
  7.6200000e+000  8.6480550e-001
  7.6300000e+000  8.2531159e-001
  7.6400000e+000  7.4239111e-001
  7.6500000e+000  8.4770108e-001
  7.6600000e+000  6.6087391e-001
  7.6700000e+000  8.3267421e-001
  7.6800000e+000  8.1415215e-001
  7.6900000e+000  5.0893703e-001
  7.7000000e+000  7.1070235e-001
  7.7100000e+000  6.6588722e-001
  7.7200000e+000  7.5817538e-001
  7.7300000e+000  7.4206531e-001
  7.7400000e+000  7.4299960e-001
  7.7500000e+000  6.1594480e-001
  7.7600000e+000  5.9768327e-001
  7.7700000e+000  2.6335956e-001
  7.7800000e+000  6.0207617e-001
  7.7900000e+000  5.8443174e-001
  7.8000000e+000  8.6622515e-001
  7.8100000e+000  9.7487950e-001
  7.8200000e+000  8.3210292e-001
  7.8300000e+000  5.8052237e-001
  7.8400000e+000  2.9979335e-001
  7.8500000e+000  5.0539862e-001
  7.8600000e+000  4.8557822e-001
  7.8700000e+000  9.0216433e-001
  7.8800000e+000  5.4284723e-001
  7.8900000e+000  8.0982931e-001
  7.9000000e+000  5.4598195e-001
  7.9100000e+000  9.1223759e-001
  7.9200000e+000  9.6129260e-001
  7.9300000e+000  5.3794033e-001
  7.9400000e+000  7.3118293e-001
  7.9500000e+000  8.2874396e-001
  7.9600000e+000  4.5075994e-001
  7.9700000e+000  6.0575935e-001
  7.9800000e+000  5.3307897e-001
  7.9900000e+000  7.7869004e-001
  8.0000000e+000  4.5471884e-001
  8.0100000e+000  8.2123852e-001
  8.0200000e+000  1.1673930e+000
  8.0300000e+000  7.9727209e-001
  8.0400000e+000  7.2767977e-001
  8.0500000e+000  7.1583917e-001
  8.0600000e+000  6.6653992e-001
  8.0700000e+000  5.8801993e-001
  8.0800000e+000  2.4678084e-001
  8.0900000e+000  7.6466718e-001
  8.1000000e+000  3.5847811e-001
  8.1100000e+000  6.8421034e-001
  8.1200000e+000  8.9816262e-001
  8.1300000e+000  3.5376288e-001
  8.1400000e+000  6.3821053e-001
  8.1500000e+000  1.0281508e+000
  8.1600000e+000  8.8047142e-001
  8.1700000e+000  8.1860852e-001
  8.1800000e+000  4.0562380e-001
  8.1900000e+000  1.0536049e+000
  8.2000000e+000  8.5212190e-001
  8.2100000e+000  6.3836340e-001
  8.2200000e+000  7.6214418e-001
  8.2300000e+000  8.0685595e-001
  8.2400000e+000  3.8267312e-001
  8.2500000e+000  5.2133024e-001
  8.2600000e+000  9.6008863e-001
  8.2700000e+000  6.2654728e-001
  8.2800000e+000  6.7851102e-001
  8.2900000e+000  6.2207209e-001
  8.3000000e+000  7.4280397e-001
  8.3100000e+000  1.0457149e+000
  8.3200000e+000  6.4120492e-001
  8.3300000e+000  6.4492502e-001
  8.3400000e+000  9.2814667e-001
  8.3500000e+000  6.1779871e-001
  8.3600000e+000  1.1274169e+000
  8.3700000e+000  1.0325886e+000
  8.3800000e+000  9.6694485e-001
  8.3900000e+000  5.6585557e-001
  8.4000000e+000  4.4332828e-001
  8.4100000e+000  6.0398237e-001
  8.4200000e+000  4.0583944e-001
  8.4300000e+000  5.4355482e-001
  8.4400000e+000  5.3529655e-001
  8.4500000e+000  7.8765181e-001
  8.4600000e+000  8.0148960e-001
  8.4700000e+000  7.2296941e-001
  8.4800000e+000  6.9654048e-001
  8.4900000e+000  6.1787497e-001
  8.5000000e+000  8.8700714e-001
  8.5100000e+000  8.4399169e-001
  8.5200000e+000  9.1210167e-001
  8.5300000e+000  7.6630429e-001
  8.5400000e+000  6.7058554e-001
  8.5500000e+000  1.2447397e+000
  8.5600000e+000  6.1190446e-001
  8.5700000e+000  6.0996330e-001
  8.5800000e+000  5.4894858e-001
  8.5900000e+000  7.7224603e-001
  8.6000000e+000  8.7636307e-001
  8.6100000e+000  9.4316655e-001
  8.6200000e+000  7.3712511e-001
  8.6300000e+000  7.5690671e-001
  8.6400000e+000  8.2467484e-001
  8.6500000e+000  7.3128254e-001
  8.6600000e+000  7.7510739e-001
  8.6700000e+000  6.5006528e-001
  8.6800000e+000  4.4255153e-001
  8.6900000e+000  5.4796057e-001
  8.7000000e+000  7.8161455e-001
  8.7100000e+000  7.9559411e-001
  8.7200000e+000  7.6152141e-001
  8.7300000e+000  9.7504010e-001
  8.7400000e+000  5.6838160e-001
  8.7500000e+000  1.0435182e+000
  8.7600000e+000  8.9726289e-001
  8.7700000e+000  8.4008823e-001
  8.7800000e+000  6.8532762e-001
  8.7900000e+000  8.2255412e-001
  8.8000000e+000  6.0311875e-001
  8.8100000e+000  1.2516418e+000
  8.8200000e+000  3.3483529e-001
  8.8300000e+000  9.4382008e-001
  8.8400000e+000  7.0596292e-001
  8.8500000e+000  4.6018397e-001
  8.8600000e+000  8.7818838e-001
  8.8700000e+000  8.1575099e-001
  8.8800000e+000  7.7646059e-001
  8.8900000e+000  5.6472780e-001
  8.9000000e+000  8.3437087e-001
  8.9100000e+000  7.0188480e-001
  8.9200000e+000  5.2212820e-001
  8.9300000e+000  8.3799847e-001
  8.9400000e+000  4.8803412e-001
  8.9500000e+000  6.5707331e-001
  8.9600000e+000  5.2210685e-001
  8.9700000e+000  1.0053645e+000
  8.9800000e+000  4.3203246e-001
  8.9900000e+000  7.9468531e-001
  9.0000000e+000  9.2644164e-001
  9.0100000e+000  1.0166508e+000
  9.0200000e+000  3.8957130e-001
  9.0300000e+000  1.0627478e+000
  9.0400000e+000  8.4637114e-001
  9.0500000e+000  7.4554084e-001
  9.0600000e+000  8.1260521e-001
  9.0700000e+000  3.1950957e-001
  9.0800000e+000  1.0196415e+000
  9.0900000e+000  9.5727972e-001
  9.1000000e+000  7.0690072e-001
  9.1100000e+000  6.2626574e-001
  9.1200000e+000  7.9484901e-001
  9.1300000e+000  9.0598038e-001
  9.1400000e+000  1.0299462e+000
  9.1500000e+000  4.8422078e-001
  9.1600000e+000  4.1048053e-001
  9.1700000e+000  9.1210885e-001
  9.1800000e+000  5.9931512e-001
  9.1900000e+000  7.4569131e-001
  9.2000000e+000  6.3552188e-001
  9.2100000e+000  8.7592867e-001
  9.2200000e+000  6.4446147e-001
  9.2300000e+000  8.7882109e-001
  9.2400000e+000  7.6355806e-001
  9.2500000e+000  2.8456824e-001
  9.2600000e+000  4.8322558e-001
  9.2700000e+000  8.0822700e-001
  9.2800000e+000  6.3898205e-001
  9.2900000e+000  4.5138003e-001
  9.3000000e+000  4.7030196e-001
  9.3100000e+000  8.0035048e-001
  9.3200000e+000  7.6843705e-001
  9.3300000e+000  5.3707175e-001
  9.3400000e+000  8.2617824e-001
  9.3500000e+000  1.0431913e+000
  9.3600000e+000  7.5171751e-001
  9.3700000e+000  7.2874745e-001
  9.3800000e+000  9.9848032e-001
  9.3900000e+000  6.2168108e-001
  9.4000000e+000  6.3912993e-001
  9.4100000e+000  9.7231569e-001
  9.4200000e+000  1.0478763e+000
  9.4300000e+000  6.1317621e-001
  9.4400000e+000  5.8243652e-001
  9.4500000e+000  7.3268919e-001
  9.4600000e+000  1.1733606e+000
  9.4700000e+000  1.1584343e+000
  9.4800000e+000  5.0209063e-001
  9.4900000e+000  7.6748567e-001
  9.5000000e+000  5.6525737e-001
  9.5100000e+000  8.4714211e-001
  9.5200000e+000  9.8828629e-001
  9.5300000e+000  6.6767926e-001
  9.5400000e+000  3.6632035e-001
  9.5500000e+000  7.3074404e-001
  9.5600000e+000  8.9194960e-001
  9.5700000e+000  7.0033221e-001
  9.5800000e+000  7.8411951e-001
  9.5900000e+000  7.4960053e-001
  9.6000000e+000  1.0383284e+000
  9.6100000e+000  6.9658852e-001
  9.6200000e+000  7.1229566e-001
  9.6300000e+000  1.0103443e+000
  9.6400000e+000  8.1736608e-001
  9.6500000e+000  5.5540684e-001
  9.6600000e+000  5.4647015e-001
  9.6700000e+000  6.1564629e-001
  9.6800000e+000  8.5685271e-001
  9.6900000e+000  9.1709700e-001
  9.7000000e+000  6.6649033e-001
  9.7100000e+000  6.6168893e-001
  9.7200000e+000  8.0398649e-001
  9.7300000e+000  9.8281458e-001
  9.7400000e+000  5.4751578e-001
  9.7500000e+000  9.6151824e-001
  9.7600000e+000  7.5714857e-001
  9.7700000e+000  8.6874932e-001
  9.7800000e+000  5.9765139e-001
  9.7900000e+000  7.3965598e-001
  9.8000000e+000  5.7658251e-001
  9.8100000e+000  8.2623871e-001
  9.8200000e+000  1.2444314e+000
  9.8300000e+000  1.0475688e+000
  9.8400000e+000  1.0650988e+000
  9.8500000e+000  4.3776781e-001
  9.8600000e+000  8.4952703e-001
  9.8700000e+000  6.6789055e-001
  9.8800000e+000  7.6732308e-001
  9.8900000e+000  5.2762301e-001
  9.9000000e+000  5.9604244e-001
  9.9100000e+000 -8.3104867e-004
  9.9200000e+000  5.2531427e-001
  9.9300000e+000  7.5023441e-001
  9.9400000e+000  8.8816836e-001
  9.9500000e+000  1.3112079e+000
  9.9600000e+000  7.5054929e-001
  9.9700000e+000  7.5249735e-001
  9.9800000e+000  6.7017335e-001
  9.9900000e+000  9.2871679e-001
  1.0000000e+001  6.2868068e-001
  1.0010000e+001  6.8572718e-001
  1.0020000e+001  5.4434045e-001
  1.0030000e+001  3.6407233e-001
  1.0040000e+001  8.0251072e-001
  1.0050000e+001  9.7356343e-001
  1.0060000e+001  6.0718674e-001
  1.0070000e+001  9.1849010e-001
  1.0080000e+001  6.9221423e-001
  1.0090000e+001  9.8472477e-001
  1.0100000e+001  9.0439047e-001
  1.0110000e+001  8.9603524e-001
  1.0120000e+001  1.1439711e+000
  1.0130000e+001  8.7584721e-001
  1.0140000e+001  1.0607302e+000
  1.0150000e+001  7.7725547e-001
  1.0160000e+001  3.9881935e-001
  1.0170000e+001  6.7780825e-001
  1.0180000e+001  8.9539190e-001
  1.0190000e+001  8.2156363e-001
  1.0200000e+001  9.5446875e-001
  1.0210000e+001  5.2837224e-001
  1.0220000e+001  6.7106811e-001
  1.0230000e+001  3.6871345e-001
  1.0240000e+001  5.2854097e-001
  1.0250000e+001  1.1114452e+000
  1.0260000e+001  8.4864823e-001
  1.0270000e+001  9.5414391e-001
  1.0280000e+001  6.2270676e-001
  1.0290000e+001  4.5289044e-001
  1.0300000e+001  4.2548690e-001
  1.0310000e+001  4.5940205e-001
  1.0320000e+001  7.3640991e-001
  1.0330000e+001  6.9480286e-001
  1.0340000e+001  8.3434284e-001
  1.0350000e+001  7.5450409e-001
  1.0360000e+001  5.2640475e-001
  1.0370000e+001  9.2945859e-001
  1.0380000e+001  7.0403983e-001
  1.0390000e+001  1.1591938e+000
  1.0400000e+001  6.7924988e-001
  1.0410000e+001  1.0203592e+000
  1.0420000e+001  8.3775220e-001
  1.0430000e+001  5.1784633e-001
  1.0440000e+001  7.7201274e-001
  1.0450000e+001  8.2048339e-001
  1.0460000e+001  3.3235368e-001
  1.0470000e+001  4.9276572e-001
  1.0480000e+001  8.6975680e-001
  1.0490000e+001  9.0207293e-001
  1.0500000e+001  8.4227738e-001
  1.0510000e+001  7.8819924e-001
  1.0520000e+001  2.5568432e-001
  1.0530000e+001  5.8093602e-001
  1.0540000e+001  4.0290390e-001
  1.0550000e+001  5.3333826e-001
  1.0560000e+001  3.9346718e-001
  1.0570000e+001  8.6477588e-001
  1.0580000e+001  7.0860487e-001
  1.0590000e+001  5.3405369e-001
  1.0600000e+001  6.2475719e-001
  1.0610000e+001  8.8061815e-001
  1.0620000e+001  4.4130219e-001
  1.0630000e+001  1.0090508e+000
  1.0640000e+001  7.8552073e-001
  1.0650000e+001  6.5556251e-001
  1.0660000e+001  5.7544014e-001
  1.0670000e+001  9.6224699e-001
  1.0680000e+001  5.9776387e-001
  1.0690000e+001  9.2817546e-001
  1.0700000e+001  1.2569248e+000
  1.0710000e+001  8.0785019e-001
  1.0720000e+001  8.0980352e-001
  1.0730000e+001  7.5306261e-001
  1.0740000e+001  1.0028044e+000
  1.0750000e+001  1.0214808e+000
  1.0760000e+001  9.6650645e-001
  1.0770000e+001  6.8590021e-001
  1.0780000e+001  7.6795386e-001
  1.0790000e+001  7.2653770e-001
  1.0800000e+001  6.5297173e-001
  1.0810000e+001  5.7802570e-001
  1.0820000e+001  7.6909321e-001
  1.0830000e+001  6.1854527e-001
  1.0840000e+001  1.0937123e+000
  1.0850000e+001  9.3679575e-001
  1.0860000e+001  6.5306708e-001
  1.0870000e+001  1.0312209e+000
  1.0880000e+001  9.7902572e-001
  1.0890000e+001  4.8173349e-001
  1.0900000e+001  6.2088891e-001
  1.0910000e+001  5.6642729e-001
  1.0920000e+001  1.0743942e+000
  1.0930000e+001  6.3230188e-001
  1.0940000e+001  8.3759819e-001
  1.0950000e+001  9.4168274e-001
  1.0960000e+001  7.0538504e-001
  1.0970000e+001  7.6763969e-001
  1.0980000e+001  9.2839567e-001
  1.0990000e+001  8.4270449e-001
  1.1000000e+001  6.5832202e-001
  1.1010000e+001  8.4947988e-001
  1.1020000e+001  7.4848836e-001
  1.1030000e+001  9.5776192e-001
  1.1040000e+001  5.6118199e-001
  1.1050000e+001  8.6311097e-001
  1.1060000e+001  4.8131880e-001
  1.1070000e+001  8.1792223e-001
  1.1080000e+001  6.7343760e-001
  1.1090000e+001  6.5916884e-001
  1.1100000e+001  9.4968549e-001
  1.1110000e+001  5.3001857e-001
  1.1120000e+001  4.9107841e-001
  1.1130000e+001  8.4928481e-001
  1.1140000e+001  7.9705344e-001
  1.1150000e+001  7.4660198e-001
  1.1160000e+001  7.5976150e-001
  1.1170000e+001  8.4336434e-001
  1.1180000e+001  7.3784585e-001
  1.1190000e+001  7.2695872e-001
  1.1200000e+001  8.9183700e-001
  1.1210000e+001  7.2990812e-001
  1.1220000e+001  8.2870525e-001
  1.1230000e+001  6.7039362e-001
  1.1240000e+001  5.4958687e-001
  1.1250000e+001  7.2408572e-001
  1.1260000e+001  6.1694837e-001
  1.1270000e+001  6.4496466e-001
  1.1280000e+001  6.6975728e-001
  1.1290000e+001  7.9746534e-001
  1.1300000e+001  1.2404183e+000
  1.1310000e+001  7.1685064e-001
  1.1320000e+001  9.6918705e-001
  1.1330000e+001  6.8734038e-001
  1.1340000e+001  5.4245085e-001
  1.1350000e+001  5.8847833e-001
  1.1360000e+001  7.1330300e-001
  1.1370000e+001  1.1220750e+000
  1.1380000e+001  8.6533010e-001
  1.1390000e+001  6.5083280e-001
  1.1400000e+001  4.0897252e-001
  1.1410000e+001  7.8773956e-001
  1.1420000e+001  8.9769158e-001
  1.1430000e+001  9.3692444e-001
  1.1440000e+001  8.2285419e-001
  1.1450000e+001  6.8386726e-001
  1.1460000e+001  1.0472945e+000
  1.1470000e+001  7.0275029e-001
  1.1480000e+001  1.8808898e-001
  1.1490000e+001  7.9730881e-001
  1.1500000e+001  6.6705439e-001
  1.1510000e+001  3.9853155e-001
  1.1520000e+001  8.5284949e-001
  1.1530000e+001  1.1256556e+000
  1.1540000e+001  7.9896745e-001
  1.1550000e+001  4.4832693e-001
  1.1560000e+001  5.9502265e-001
  1.1570000e+001  7.9351242e-001
  1.1580000e+001  1.1793281e-001
  1.1590000e+001  9.6289798e-001
  1.1600000e+001  6.9403754e-001
  1.1610000e+001  3.4176979e-001
  1.1620000e+001  8.9423843e-001
  1.1630000e+001  7.3236880e-001
  1.1640000e+001  6.2608836e-001
  1.1650000e+001  9.3238652e-001
  1.1660000e+001  7.3883001e-001
  1.1670000e+001  5.5494840e-001
  1.1680000e+001  1.0089547e+000
  1.1690000e+001  7.7655474e-001
  1.1700000e+001  1.1403392e+000
  1.1710000e+001  6.0043183e-001
  1.1720000e+001  9.1568332e-001
  1.1730000e+001  6.7393265e-001
  1.1740000e+001  1.3139844e+000
  1.1750000e+001  7.3456339e-001
  1.1760000e+001  6.9090390e-001
  1.1770000e+001  7.3590230e-001
  1.1780000e+001  1.0197382e+000
  1.1790000e+001  5.0470445e-001
  1.1800000e+001  1.1154287e+000
  1.1810000e+001  7.4599920e-001
  1.1820000e+001  7.8570630e-001
  1.1830000e+001  7.7345682e-001
  1.1840000e+001  1.3130474e+000
  1.1850000e+001  9.0028904e-001
  1.1860000e+001  9.2085896e-001
  1.1870000e+001  6.1354242e-001
  1.1880000e+001  8.6992219e-001
  1.1890000e+001  7.6939592e-001
  1.1900000e+001  7.2493605e-001
  1.1910000e+001  5.7625210e-001
  1.1920000e+001  7.9234151e-001
  1.1930000e+001  1.0021056e+000
  1.1940000e+001  5.2330120e-001
  1.1950000e+001  7.7228273e-001
  1.1960000e+001  6.8815749e-001
  1.1970000e+001  5.5808250e-001
  1.1980000e+001  3.0670371e-001
  1.1990000e+001  7.7435405e-001
  1.2000000e+001  5.7944604e-001
  1.2010000e+001  8.0642097e-001
  1.2020000e+001  7.6478948e-001
  1.2030000e+001  8.1234256e-001
  1.2040000e+001  6.1368675e-001
  1.2050000e+001  5.6452082e-001
  1.2060000e+001  9.3856823e-001
  1.2070000e+001  9.2396788e-001
  1.2080000e+001  9.2245012e-001
  1.2090000e+001  7.4857776e-001
  1.2100000e+001  5.0825511e-001
  1.2110000e+001  7.6229883e-001
  1.2120000e+001  7.6605913e-001
  1.2130000e+001  7.2309572e-001
  1.2140000e+001  1.0759108e+000
  1.2150000e+001  7.3028642e-001
  1.2160000e+001  7.7107442e-001
  1.2170000e+001  1.1072517e+000
  1.2180000e+001  9.5148435e-001
  1.2190000e+001  6.8469341e-001
  1.2200000e+001  9.1520776e-001
  1.2210000e+001  9.1932328e-001
  1.2220000e+001  9.6953383e-001
  1.2230000e+001  8.9702733e-001
  1.2240000e+001  5.8956413e-001
  1.2250000e+001  5.5461204e-001
  1.2260000e+001  6.0419295e-001
  1.2270000e+001  7.9030829e-001
  1.2280000e+001  8.7882761e-001
  1.2290000e+001  8.9913561e-001
  1.2300000e+001  5.2135638e-001
  1.2310000e+001  4.7346193e-001
  1.2320000e+001  8.7131098e-001
  1.2330000e+001  7.8835877e-001
  1.2340000e+001  7.4893968e-001
  1.2350000e+001  9.1835239e-001
  1.2360000e+001  8.9632331e-001
  1.2370000e+001  4.6773378e-001
  1.2380000e+001  7.9067330e-001
  1.2390000e+001  5.7055825e-001
  1.2400000e+001  8.1943390e-001
  1.2410000e+001  5.5768703e-001
  1.2420000e+001  8.2186314e-001
  1.2430000e+001  3.6003189e-001
  1.2440000e+001  7.9633996e-001
  1.2450000e+001  7.1407638e-001
  1.2460000e+001  7.9201771e-001
  1.2470000e+001  6.5405270e-001
  1.2480000e+001  7.2700278e-001
  1.2490000e+001  7.2657082e-001
  1.2500000e+001  5.8849687e-001
