  0.0000000e+000 -2.8500585e-001
  1.0000000e-002 -7.5725881e-002
  2.0000000e-002 -1.0765945e-001
  3.0000000e-002 -6.1631100e-002
  4.0000000e-002 -3.4893174e-002
  5.0000000e-002 -2.2024781e-001
  6.0000000e-002 -9.4171003e-002
  7.0000000e-002 -2.0863755e-001
  8.0000000e-002 -4.1106354e-001
  9.0000000e-002 -1.4889011e-001
  1.0000000e-001 -4.2127847e-001
  1.1000000e-001  4.4662774e-002
  1.2000000e-001 -3.6000892e-001
  1.3000000e-001 -9.8340511e-004
  1.4000000e-001  1.1816865e-001
  1.5000000e-001  4.6404702e-002
  1.6000000e-001 -1.7780316e-001
  1.7000000e-001 -3.8394762e-002
  1.8000000e-001 -1.3727436e-001
  1.9000000e-001 -1.4461312e-001
  2.0000000e-001 -4.1455777e-001
  2.1000000e-001 -6.7656661e-002
  2.2000000e-001 -1.9844526e-001
  2.3000000e-001 -2.9145683e-001
  2.4000000e-001  1.6517533e-001
  2.5000000e-001  1.2094622e-001
  2.6000000e-001 -3.6864630e-001
  2.7000000e-001 -1.1445586e-002
  2.8000000e-001 -1.2017341e-001
  2.9000000e-001 -3.4187593e-002
  3.0000000e-001  8.4896592e-002
  3.1000000e-001 -5.0137222e-001
  3.2000000e-001 -3.4781831e-001
  3.3000000e-001 -1.8379635e-001
  3.4000000e-001  2.4357889e-002
  3.5000000e-001  5.3423107e-002
  3.6000000e-001 -7.5349769e-001
  3.7000000e-001 -4.0898601e-001
  3.8000000e-001  1.0333869e-001
  3.9000000e-001  4.6023625e-002
  4.0000000e-001 -4.4651138e-001
  4.1000000e-001 -1.6068295e-001
  4.2000000e-001  1.4923654e-001
  4.3000000e-001 -1.9099207e-001
  4.4000000e-001 -3.6743308e-001
  4.5000000e-001 -1.0552607e-001
  4.6000000e-001 -9.9504645e-002
  4.7000000e-001 -2.7199621e-001
  4.8000000e-001 -4.4609952e-001
  4.9000000e-001 -3.2376888e-001
  5.0000000e-001  1.0781826e-001
  5.1000000e-001  6.5394638e-002
  5.2000000e-001  5.5011736e-002
  5.3000000e-001 -6.2791299e-001
  5.4000000e-001 -3.8249279e-002
  5.5000000e-001 -9.6370110e-002
  5.6000000e-001 -1.7396878e-001
  5.7000000e-001 -5.3456179e-001
  5.8000000e-001 -1.8359303e-001
  5.9000000e-001 -1.8824568e-002
  6.0000000e-001 -5.2451603e-001
  6.1000000e-001 -2.5248125e-001
  6.2000000e-001 -4.8327032e-001
  6.3000000e-001 -1.7902739e-001
  6.4000000e-001 -2.1834998e-001
  6.5000000e-001 -3.7010676e-001
  6.6000000e-001 -2.3570358e-001
  6.7000000e-001 -1.0793001e-001
  6.8000000e-001 -2.7783015e-001
  6.9000000e-001  6.8786399e-002
  7.0000000e-001 -2.8284482e-001
  7.1000000e-001 -7.0165085e-001
  7.2000000e-001 -5.2319540e-002
  7.3000000e-001 -2.6877485e-001
  7.4000000e-001  2.1963565e-001
  7.5000000e-001 -2.4532594e-001
  7.6000000e-001 -1.5029088e-001
  7.7000000e-001 -3.0252709e-002
  7.8000000e-001 -8.1117789e-003
  7.9000000e-001 -3.8143231e-001
  8.0000000e-001 -3.6030192e-001
  8.1000000e-001 -3.7302424e-001
  8.2000000e-001 -3.0024864e-002
  8.3000000e-001  2.9637632e-001
  8.4000000e-001 -6.8497698e-001
  8.5000000e-001 -1.5173614e-001
  8.6000000e-001 -8.2230183e-002
  8.7000000e-001  9.0970323e-002
  8.8000000e-001 -2.4237804e-001
  8.9000000e-001 -2.9236045e-002
  9.0000000e-001  5.9561672e-002
  9.1000000e-001  1.3434115e-001
  9.2000000e-001 -2.4109160e-001
  9.3000000e-001 -1.4620294e-001
  9.4000000e-001 -3.0649293e-002
  9.5000000e-001 -3.4078055e-001
  9.6000000e-001 -1.2109846e-001
  9.7000000e-001 -4.7491687e-001
  9.8000000e-001 -5.3180690e-001
  9.9000000e-001 -1.0674905e-001
  1.0000000e+000 -2.0723427e-001
  1.0100000e+000 -9.0941417e-002
  1.0200000e+000 -3.2311296e-001
  1.0300000e+000 -5.9254543e-001
  1.0400000e+000  5.1003572e-002
  1.0500000e+000 -7.5857384e-002
  1.0600000e+000 -2.2573848e-001
  1.0700000e+000 -5.3188709e-001
  1.0800000e+000 -2.2947532e-001
  1.0900000e+000 -1.2408416e-001
  1.1000000e+000 -5.1059444e-001
  1.1100000e+000 -1.1341782e-001
  1.1200000e+000 -7.4409549e-002
  1.1300000e+000 -1.7694878e-001
  1.1400000e+000 -2.9670208e-001
  1.1500000e+000 -3.6579679e-001
  1.1600000e+000 -5.5317983e-002
  1.1700000e+000  1.7708557e-001
  1.1800000e+000 -2.4696138e-001
  1.1900000e+000 -3.3969174e-001
  1.2000000e+000 -3.2155090e-001
  1.2100000e+000 -3.1921650e-001
  1.2200000e+000 -2.4220559e-002
  1.2300000e+000  3.2184676e-001
  1.2400000e+000 -1.8136606e-001
  1.2500000e+000  2.6251108e-001
  1.2600000e+000 -2.7060269e-001
  1.2700000e+000 -1.3648197e-001
  1.2800000e+000 -1.4594507e-001
  1.2900000e+000 -7.4231850e-002
  1.3000000e+000 -1.6416207e-001
  1.3100000e+000 -1.2471070e-001
  1.3200000e+000 -9.2883076e-002
  1.3300000e+000  9.2689872e-002
  1.3400000e+000 -2.5989743e-002
  1.3500000e+000 -3.5129802e-002
  1.3600000e+000  2.0321149e-001
  1.3700000e+000 -1.4769800e-001
  1.3800000e+000 -2.2165708e-002
  1.3900000e+000  1.5289900e-001
  1.4000000e+000  2.5085195e-001
  1.4100000e+000  2.0407915e-001
  1.4200000e+000  1.9984707e-001
  1.4300000e+000 -2.3461167e-001
  1.4400000e+000 -2.3410500e-001
  1.4500000e+000 -1.5346886e-001
  1.4600000e+000  2.7234614e-002
  1.4700000e+000 -2.5210276e-001
  1.4800000e+000 -1.3979296e-001
  1.4900000e+000 -3.1708327e-002
  1.5000000e+000 -4.9578329e-002
  1.5100000e+000  1.1331624e-001
  1.5200000e+000 -4.6158359e-002
  1.5300000e+000 -2.5885018e-001
  1.5400000e+000 -1.6740858e-001
  1.5500000e+000  1.7637206e-001
  1.5600000e+000  1.0116105e-001
  1.5700000e+000 -7.1027767e-002
  1.5800000e+000 -4.4472551e-003
  1.5900000e+000 -2.6952204e-003
  1.6000000e+000  2.6158557e-001
  1.6100000e+000  5.1058539e-001
  1.6200000e+000  1.5192323e-001
  1.6300000e+000  3.9003204e-002
  1.6400000e+000  2.7854798e-001
  1.6500000e+000  1.7457454e-001
  1.6600000e+000  2.2738023e-001
  1.6700000e+000  1.5007192e-001
  1.6800000e+000  1.3081905e-001
  1.6900000e+000  1.1140032e-001
  1.7000000e+000  3.3443794e-001
  1.7100000e+000  1.8745334e-001
  1.7200000e+000  5.6471939e-002
  1.7300000e+000  3.4345901e-001
  1.7400000e+000  1.0239141e-001
  1.7500000e+000  1.4640234e-001
  1.7600000e+000  4.5172262e-001
  1.7700000e+000  5.6530322e-002
  1.7800000e+000  1.6896863e-001
  1.7900000e+000 -3.1645083e-002
  1.8000000e+000  1.2063739e-001
  1.8100000e+000  2.3795558e-002
  1.8200000e+000  2.1034071e-002
  1.8300000e+000  6.2160257e-001
  1.8400000e+000  3.7193285e-001
  1.8500000e+000  2.9164651e-001
  1.8600000e+000  1.9286472e-001
  1.8700000e+000  1.7443483e-001
  1.8800000e+000  1.9905449e-001
  1.8900000e+000  5.9509093e-001
  1.9000000e+000  1.0686731e-001
  1.9100000e+000  3.5641954e-001
  1.9200000e+000  2.7323865e-001
  1.9300000e+000  5.0323174e-001
  1.9400000e+000 -2.5543805e-002
  1.9500000e+000  2.5991964e-001
  1.9600000e+000  1.2883411e-001
  1.9700000e+000  7.7031414e-001
  1.9800000e+000  5.3623149e-002
  1.9900000e+000  1.9987521e-001
  2.0000000e+000 -2.7956417e-002
  2.0100000e+000  4.4988515e-001
  2.0200000e+000  2.3865162e-001
  2.0300000e+000  3.3734570e-001
  2.0400000e+000  6.8275422e-001
  2.0500000e+000  1.1132582e-001
  2.0600000e+000  4.3959972e-001
  2.0700000e+000  8.2307154e-001
  2.0800000e+000  4.1175507e-001
  2.0900000e+000  4.6825679e-001
  2.1000000e+000  4.1517881e-001
  2.1100000e+000  8.5937341e-001
  2.1200000e+000  6.0707723e-001
  2.1300000e+000  7.0590786e-001
  2.1400000e+000  3.9950409e-001
  2.1500000e+000  7.3341416e-001
  2.1600000e+000  5.2019928e-001
  2.1700000e+000  2.3510692e-001
  2.1800000e+000  2.9413255e-001
  2.1900000e+000  2.3861764e-001
  2.2000000e+000  4.1546206e-001
  2.2100000e+000  1.7260629e-001
  2.2200000e+000  1.8390892e-002
  2.2300000e+000  6.2054002e-001
  2.2400000e+000  2.6641669e-001
  2.2500000e+000  3.3455404e-001
  2.2600000e+000  3.3210281e-001
  2.2700000e+000  5.3196120e-001
  2.2800000e+000  2.8295599e-001
  2.2900000e+000  4.2668697e-001
  2.3000000e+000  6.4868998e-001
  2.3100000e+000  1.8913494e-001
  2.3200000e+000  5.0331900e-001
  2.3300000e+000  5.9180435e-001
  2.3400000e+000  5.2143519e-001
  2.3500000e+000  6.1229756e-001
  2.3600000e+000  3.2019083e-001
  2.3700000e+000  4.5516148e-001
  2.3800000e+000  5.6249515e-001
  2.3900000e+000  8.1297654e-001
  2.4000000e+000  5.4549599e-001
  2.4100000e+000  6.4582147e-001
  2.4200000e+000  4.4588962e-001
  2.4300000e+000  5.7563875e-001
  2.4400000e+000  6.9744920e-001
  2.4500000e+000  2.6703251e-001
  2.4600000e+000  7.5773288e-001
  2.4700000e+000  5.7671480e-001
  2.4800000e+000  6.0721542e-001
  2.4900000e+000  6.1492462e-001
  2.5000000e+000  4.2331945e-001
  2.5100000e+000  4.3411007e-001
  2.5200000e+000  4.5198929e-001
  2.5300000e+000  6.8835196e-001
  2.5400000e+000  1.7772571e-001
  2.5500000e+000  5.4021523e-001
  2.5600000e+000  1.2742204e+000
  2.5700000e+000  7.4708722e-001
  2.5800000e+000  7.7962077e-001
  2.5900000e+000  5.1983759e-001
  2.6000000e+000  2.8458856e-001
  2.6100000e+000  6.5134962e-001
  2.6200000e+000  5.0902393e-001
  2.6300000e+000  6.9215367e-001
  2.6400000e+000  6.4074658e-001
  2.6500000e+000  5.1763987e-001
  2.6600000e+000  3.7146832e-001
  2.6700000e+000  4.0958185e-001
  2.6800000e+000  6.3849628e-001
  2.6900000e+000  6.4137501e-001
  2.7000000e+000  3.3570900e-001
  2.7100000e+000  4.7168915e-001
  2.7200000e+000  6.2252351e-001
  2.7300000e+000  6.6446530e-001
  2.7400000e+000  7.6480534e-001
  2.7500000e+000  5.1170293e-001
  2.7600000e+000  5.1383182e-001
  2.7700000e+000  5.8678291e-001
  2.7800000e+000  7.1498910e-001
  2.7900000e+000  8.5875904e-001
  2.8000000e+000  5.5929195e-001
  2.8100000e+000  1.1331853e+000
  2.8200000e+000  7.3167659e-001
  2.8300000e+000  7.5623293e-001
  2.8400000e+000  7.1607052e-001
  2.8500000e+000  9.9046928e-001
  2.8600000e+000  6.7647260e-001
  2.8700000e+000  1.0818175e+000
  2.8800000e+000  7.1059090e-001
  2.8900000e+000  8.0285700e-001
  2.9000000e+000  8.0324407e-001
  2.9100000e+000  3.5817954e-001
  2.9200000e+000  9.8691740e-001
  2.9300000e+000  4.7824182e-001
  2.9400000e+000  6.5345860e-001
  2.9500000e+000  6.1571962e-001
  2.9600000e+000  7.7593173e-001
  2.9700000e+000  8.2341489e-001
  2.9800000e+000  1.0673624e+000
  2.9900000e+000  2.6617387e-001
  3.0000000e+000  5.0605560e-001
  3.0100000e+000  7.2211151e-001
  3.0200000e+000  7.5145588e-001
  3.0300000e+000  5.3826643e-001
  3.0400000e+000  1.2523554e+000
  3.0500000e+000  6.0424797e-001
  3.0600000e+000  8.5986478e-001
  3.0700000e+000  8.5582350e-001
  3.0800000e+000  2.4784892e-001
  3.0900000e+000  6.2688474e-001
  3.1000000e+000  9.9430673e-001
  3.1100000e+000  1.0318534e+000
  3.1200000e+000  4.3850042e-001
  3.1300000e+000  8.1476400e-001
  3.1400000e+000  7.5685350e-001
  3.1500000e+000  6.8370934e-001
  3.1600000e+000  7.8572567e-001
  3.1700000e+000  4.7123354e-001
  3.1800000e+000  7.1924599e-001
  3.1900000e+000  8.0398080e-001
  3.2000000e+000  6.8752521e-001
  3.2100000e+000  1.0931031e+000
  3.2200000e+000  7.2301628e-001
  3.2300000e+000  6.9689188e-001
  3.2400000e+000  6.8335193e-001
  3.2500000e+000  8.0885175e-001
  3.2600000e+000  6.5650920e-001
  3.2700000e+000  8.6128477e-001
  3.2800000e+000  7.5432813e-001
  3.2900000e+000  4.0252483e-001
  3.3000000e+000  9.3975912e-001
  3.3100000e+000  9.8873543e-001
  3.3200000e+000  7.0414196e-001
  3.3300000e+000  6.0446050e-001
  3.3400000e+000  9.6481063e-001
  3.3500000e+000  7.7179094e-001
  3.3600000e+000  6.7631944e-001
  3.3700000e+000  7.3671517e-001
  3.3800000e+000  6.3722613e-001
  3.3900000e+000  6.9617737e-001
  3.4000000e+000  6.4996577e-001
  3.4100000e+000  7.0313510e-001
  3.4200000e+000  7.2676022e-001
  3.4300000e+000  5.6570690e-001
  3.4400000e+000  9.6779589e-001
  3.4500000e+000  7.3653782e-001
  3.4600000e+000  7.5045166e-001
  3.4700000e+000  1.2025024e+000
  3.4800000e+000  6.9470899e-001
  3.4900000e+000  9.6244145e-001
  3.5000000e+000  7.8661084e-001
  3.5100000e+000  6.8544377e-001
  3.5200000e+000  8.3116208e-001
  3.5300000e+000  9.0375614e-001
  3.5400000e+000  6.8169259e-001
  3.5500000e+000  9.5628914e-001
  3.5600000e+000  8.4206939e-001
  3.5700000e+000  6.2778532e-001
  3.5800000e+000  7.9566952e-001
  3.5900000e+000  9.6428836e-001
  3.6000000e+000  8.7745272e-001
  3.6100000e+000  8.9059675e-001
  3.6200000e+000  8.5568370e-001
  3.6300000e+000  9.8669688e-001
  3.6400000e+000  1.0188549e+000
  3.6500000e+000  1.0144384e+000
  3.6600000e+000  8.6473893e-001
  3.6700000e+000  9.0378812e-001
  3.6800000e+000  8.5663384e-001
  3.6900000e+000  8.0861953e-001
  3.7000000e+000  8.2768281e-001
  3.7100000e+000  8.5355787e-001
  3.7200000e+000  9.4023678e-001
  3.7300000e+000  9.5787800e-001
  3.7400000e+000  8.4064905e-001
  3.7500000e+000  1.3193813e+000
  3.7600000e+000  1.0353594e+000
  3.7700000e+000  7.9929506e-001
  3.7800000e+000  8.9610808e-001
  3.7900000e+000  1.1107267e+000
  3.8000000e+000  1.0415095e+000
  3.8100000e+000  1.0908701e+000
  3.8200000e+000  8.0383942e-001
  3.8300000e+000  9.9393707e-001
  3.8400000e+000  8.9300263e-001
  3.8500000e+000  8.6619549e-001
  3.8600000e+000  8.0662535e-001
  3.8700000e+000  8.1191345e-001
  3.8800000e+000  8.3134127e-001
  3.8900000e+000  9.1198758e-001
  3.9000000e+000  1.0301067e+000
  3.9100000e+000  4.2959892e-001
  3.9200000e+000  1.0455364e+000
  3.9300000e+000  4.5123529e-001
  3.9400000e+000  7.8724383e-001
  3.9500000e+000  6.7947216e-001
  3.9600000e+000  8.1551153e-001
  3.9700000e+000  7.8023636e-001
  3.9800000e+000  9.9665950e-001
  3.9900000e+000  1.2667589e+000
  4.0000000e+000  9.6561309e-001
  4.0100000e+000  1.2220835e+000
  4.0200000e+000  9.2217869e-001
  4.0300000e+000  9.9248052e-001
  4.0400000e+000  1.0307562e+000
  4.0500000e+000  8.4141131e-001
  4.0600000e+000  1.0257565e+000
  4.0700000e+000  1.3566485e+000
  4.0800000e+000  9.9117519e-001
  4.0900000e+000  7.9386175e-001
  4.1000000e+000  1.0098495e+000
  4.1100000e+000  7.7090011e-001
  4.1200000e+000  5.2718556e-001
  4.1300000e+000  1.0106116e+000
  4.1400000e+000  1.1491906e+000
  4.1500000e+000  1.2180038e+000
  4.1600000e+000  1.0387294e+000
  4.1700000e+000  1.4093816e+000
  4.1800000e+000  8.7019310e-001
  4.1900000e+000  1.0518084e+000
  4.2000000e+000  7.2686162e-001
  4.2100000e+000  9.2470553e-001
  4.2200000e+000  1.1988385e+000
  4.2300000e+000  1.1235889e+000
  4.2400000e+000  9.4093658e-001
  4.2500000e+000  1.0291888e+000
  4.2600000e+000  8.9808055e-001
  4.2700000e+000  1.0244882e+000
  4.2800000e+000  1.2576730e+000
  4.2900000e+000  9.9717910e-001
  4.3000000e+000  1.1092262e+000
  4.3100000e+000  6.2232395e-001
  4.3200000e+000  1.0552310e+000
  4.3300000e+000  8.5658643e-001
  4.3400000e+000  1.0337269e+000
  4.3500000e+000  9.1172114e-001
  4.3600000e+000  9.5143969e-001
  4.3700000e+000  8.1814099e-001
  4.3800000e+000  8.2027279e-001
  4.3900000e+000  1.0048191e+000
  4.4000000e+000  8.6211468e-001
  4.4100000e+000  8.5279521e-001
  4.4200000e+000  8.4291313e-001
  4.4300000e+000  1.1150243e+000
  4.4400000e+000  8.0016878e-001
  4.4500000e+000  1.2429316e+000
  4.4600000e+000  1.1593449e+000
  4.4700000e+000  1.1632061e+000
  4.4800000e+000  8.3968881e-001
  4.4900000e+000  4.8487084e-001
  4.5000000e+000  1.1305333e+000
  4.5100000e+000  6.8121033e-001
  4.5200000e+000  1.0401308e+000
  4.5300000e+000  9.6909428e-001
  4.5400000e+000  7.9204800e-001
  4.5500000e+000  9.9049245e-001
  4.5600000e+000  7.3506965e-001
  4.5700000e+000  9.0566909e-001
  4.5800000e+000  1.0349534e+000
  4.5900000e+000  7.3543233e-001
  4.6000000e+000  9.4058734e-001
  4.6100000e+000  7.4607144e-001
  4.6200000e+000  6.1402855e-001
  4.6300000e+000  8.2273932e-001
  4.6400000e+000  1.0625129e+000
  4.6500000e+000  7.7371757e-001
  4.6600000e+000  8.0939774e-001
  4.6700000e+000  7.6994206e-001
  4.6800000e+000  1.0730065e+000
  4.6900000e+000  9.5704850e-001
  4.7000000e+000  1.0717591e+000
  4.7100000e+000  1.0735888e+000
  4.7200000e+000  6.8364660e-001
  4.7300000e+000  8.0672812e-001
  4.7400000e+000  7.9076479e-001
  4.7500000e+000  1.0295424e+000
  4.7600000e+000  8.2890560e-001
  4.7700000e+000  1.2039147e+000
  4.7800000e+000  7.3857207e-001
  4.7900000e+000  1.3334070e+000
  4.8000000e+000  9.7796476e-001
  4.8100000e+000  9.4537920e-001
  4.8200000e+000  5.5242081e-001
  4.8300000e+000  1.3555888e+000
  4.8400000e+000  8.0224617e-001
  4.8500000e+000  1.1600164e+000
  4.8600000e+000  9.2613839e-001
  4.8700000e+000  1.0913338e+000
  4.8800000e+000  9.0157081e-001
  4.8900000e+000  7.1602241e-001
  4.9000000e+000  8.0708729e-001
  4.9100000e+000  1.0851263e+000
  4.9200000e+000  1.1485387e+000
  4.9300000e+000  9.8788457e-001
  4.9400000e+000  9.9017605e-001
  4.9500000e+000  6.5528416e-001
  4.9600000e+000  1.2329763e+000
  4.9700000e+000  9.1364256e-001
  4.9800000e+000  7.7163513e-001
  4.9900000e+000  1.1251415e+000
  5.0000000e+000  1.5075822e+000
  5.0100000e+000  7.9845372e-001
  5.0200000e+000  7.9072523e-001
  5.0300000e+000  9.7054142e-001
  5.0400000e+000  1.0446480e+000
  5.0500000e+000  1.1402891e+000
  5.0600000e+000  5.8485403e-001
  5.0700000e+000  1.0998055e+000
  5.0800000e+000  9.2787175e-001
  5.0900000e+000  8.0535973e-001
  5.1000000e+000  8.7234930e-001
  5.1100000e+000  9.8243969e-001
  5.1200000e+000  9.1457409e-001
  5.1300000e+000  7.5320503e-001
  5.1400000e+000  9.4408667e-002
  5.1500000e+000  9.8952524e-001
  5.1600000e+000  1.0452384e+000
  5.1700000e+000  9.1944853e-001
  5.1800000e+000  6.8221626e-001
  5.1900000e+000  1.0430223e+000
  5.2000000e+000  8.3544403e-001
  5.2100000e+000  8.8787323e-001
  5.2200000e+000  7.4934123e-001
  5.2300000e+000  1.0159909e+000
  5.2400000e+000  1.0998216e+000
  5.2500000e+000  9.0287753e-001
  5.2600000e+000  7.0009063e-001
  5.2700000e+000  9.3038209e-001
  5.2800000e+000  7.9658298e-001
  5.2900000e+000  9.7664963e-001
  5.3000000e+000  9.4142703e-001
  5.3100000e+000  8.2667550e-001
  5.3200000e+000  7.7594726e-001
  5.3300000e+000  1.0076014e+000
  5.3400000e+000  9.6209187e-001
  5.3500000e+000  7.8998935e-001
  5.3600000e+000  9.9586311e-001
  5.3700000e+000  9.1873836e-001
  5.3800000e+000  4.5387668e-001
  5.3900000e+000  8.5813968e-001
  5.4000000e+000  4.6267326e-001
  5.4100000e+000  1.0504781e+000
  5.4200000e+000  8.1211399e-001
  5.4300000e+000  7.9608419e-001
  5.4400000e+000  1.0297146e+000
  5.4500000e+000  1.0100644e+000
  5.4600000e+000  8.7969080e-001
  5.4700000e+000  7.7996186e-001
  5.4800000e+000  5.0616559e-001
  5.4900000e+000  7.3634335e-001
  5.5000000e+000  1.0427033e+000
  5.5100000e+000  7.5185637e-001
  5.5200000e+000  9.4370980e-001
  5.5300000e+000  8.9069709e-001
  5.5400000e+000  1.0106520e+000
  5.5500000e+000  7.1190486e-001
  5.5600000e+000  9.6775303e-001
  5.5700000e+000  9.2998087e-001
  5.5800000e+000  1.1057734e+000
  5.5900000e+000  1.0195128e+000
  5.6000000e+000  3.9585356e-001
  5.6100000e+000  6.1363828e-001
  5.6200000e+000  8.9501909e-001
  5.6300000e+000  9.9315885e-001
  5.6400000e+000  7.2631851e-001
  5.6500000e+000  5.4006281e-001
  5.6600000e+000  1.0047376e+000
  5.6700000e+000  1.0851783e+000
  5.6800000e+000  8.2627692e-001
  5.6900000e+000  9.8748979e-001
  5.7000000e+000  8.2099672e-001
  5.7100000e+000  8.2584078e-001
  5.7200000e+000  1.0544096e+000
  5.7300000e+000  9.1229146e-001
  5.7400000e+000  1.2381509e+000
  5.7500000e+000  9.7495888e-001
  5.7600000e+000  9.2909211e-001
  5.7700000e+000  9.0361385e-001
  5.7800000e+000  6.7299144e-001
  5.7900000e+000  7.2995585e-001
  5.8000000e+000  9.0227825e-001
  5.8100000e+000  5.6337987e-001
  5.8200000e+000  9.9944469e-001
  5.8300000e+000  7.0921177e-001
  5.8400000e+000  8.9187298e-001
  5.8500000e+000  8.8871595e-001
  5.8600000e+000  7.8160736e-001
  5.8700000e+000  9.8296222e-001
  5.8800000e+000  8.7465178e-001
  5.8900000e+000  5.1334172e-001
  5.9000000e+000  7.3092438e-001
  5.9100000e+000  3.7809615e-001
  5.9200000e+000  7.3123115e-001
  5.9300000e+000  7.6922660e-001
  5.9400000e+000  8.2083141e-001
  5.9500000e+000  8.1386315e-001
  5.9600000e+000  5.4192079e-001
  5.9700000e+000  9.9653269e-001
  5.9800000e+000  1.1630544e+000
  5.9900000e+000  6.0058478e-001
  6.0000000e+000  8.7234398e-001
  6.0100000e+000  4.3596944e-001
  6.0200000e+000  9.9309038e-001
  6.0300000e+000  7.1683675e-001
  6.0400000e+000  4.8552101e-001
  6.0500000e+000  1.0886921e+000
  6.0600000e+000  7.4961887e-001
  6.0700000e+000  9.4169617e-001
  6.0800000e+000  7.4942756e-001
  6.0900000e+000  7.5007035e-001
  6.1000000e+000  1.0394443e+000
  6.1100000e+000  9.2578301e-001
  6.1200000e+000  9.1054904e-001
  6.1300000e+000  4.3832613e-001
  6.1400000e+000  7.4418077e-001
  6.1500000e+000  7.9609430e-001
  6.1600000e+000  1.0767636e+000
  6.1700000e+000  8.0530946e-001
  6.1800000e+000  7.4946916e-001
  6.1900000e+000  7.4445592e-001
  6.2000000e+000  1.2865365e+000
  6.2100000e+000  1.1510964e+000
  6.2200000e+000  7.0938449e-001
  6.2300000e+000  7.5826569e-001
  6.2400000e+000  4.7208936e-001
  6.2500000e+000  8.9904689e-001
  6.2600000e+000  5.0487279e-001
  6.2700000e+000  5.5110022e-001
  6.2800000e+000  4.2335846e-001
  6.2900000e+000  1.0707515e+000
  6.3000000e+000  8.7931174e-001
  6.3100000e+000  8.2476915e-001
  6.3200000e+000  9.7553978e-001
  6.3300000e+000  4.7153622e-001
  6.3400000e+000  4.7743647e-001
  6.3500000e+000  8.2245634e-001
  6.3600000e+000  9.9445188e-001
  6.3700000e+000  3.4714294e-001
  6.3800000e+000  7.9780669e-001
  6.3900000e+000  5.3185835e-001
  6.4000000e+000  7.4325591e-001
  6.4100000e+000  1.0604695e+000
  6.4200000e+000  1.1245589e+000
  6.4300000e+000  1.0243426e+000
  6.4400000e+000  8.0052574e-001
  6.4500000e+000  7.5984976e-001
  6.4600000e+000  8.7476867e-001
  6.4700000e+000  5.7288961e-001
  6.4800000e+000  6.9076057e-001
  6.4900000e+000  6.7526824e-001
  6.5000000e+000  7.2523332e-001
  6.5100000e+000  9.6286629e-001
  6.5200000e+000  1.2259973e+000
  6.5300000e+000  7.7182039e-001
  6.5400000e+000  5.8979141e-001
  6.5500000e+000  7.8611196e-001
  6.5600000e+000  1.0754843e+000
  6.5700000e+000  7.9354627e-001
  6.5800000e+000  5.7031074e-001
  6.5900000e+000  6.9196034e-001
  6.6000000e+000  4.6610605e-001
  6.6100000e+000  1.0528049e+000
  6.6200000e+000  9.8230546e-001
  6.6300000e+000  8.9990620e-001
  6.6400000e+000  5.3247075e-001
  6.6500000e+000  7.3652324e-001
  6.6600000e+000  8.5543588e-001
  6.6700000e+000  8.5306925e-001
  6.6800000e+000  7.9227812e-001
  6.6900000e+000  9.3959041e-001
  6.7000000e+000  5.6879029e-001
  6.7100000e+000  2.9626341e-001
  6.7200000e+000  7.3375033e-001
  6.7300000e+000  7.1514875e-001
  6.7400000e+000  8.9415459e-001
  6.7500000e+000  4.0515276e-001
  6.7600000e+000  8.5246002e-001
  6.7700000e+000  6.7489036e-001
  6.7800000e+000  6.3385642e-001
  6.7900000e+000  6.6712588e-001
  6.8000000e+000  5.8289571e-001
  6.8100000e+000  4.3432878e-001
  6.8200000e+000  7.4963445e-001
  6.8300000e+000  8.7438794e-001
  6.8400000e+000  7.3738699e-001
  6.8500000e+000  7.0655727e-001
  6.8600000e+000  8.3265802e-001
  6.8700000e+000  6.7822769e-001
  6.8800000e+000  8.7184497e-001
  6.8900000e+000  5.1443167e-001
  6.9000000e+000  4.0229206e-001
  6.9100000e+000  7.4392387e-001
  6.9200000e+000  4.9293164e-001
  6.9300000e+000  5.0503743e-001
  6.9400000e+000  6.5898309e-001
  6.9500000e+000  8.7727339e-001
  6.9600000e+000  8.4860290e-001
  6.9700000e+000  7.9740355e-001
  6.9800000e+000  8.4205825e-001
  6.9900000e+000  8.6616518e-001
  7.0000000e+000  6.3037617e-001
  7.0100000e+000  1.2789525e+000
  7.0200000e+000  7.1698638e-001
  7.0300000e+000  9.4236274e-001
  7.0400000e+000  5.2338303e-001
  7.0500000e+000  3.6413077e-001
  7.0600000e+000  7.0707940e-001
  7.0700000e+000  4.2361334e-001
  7.0800000e+000  9.8064519e-001
  7.0900000e+000  9.2182661e-001
  7.1000000e+000  8.4575100e-001
  7.1100000e+000  6.4240476e-001
  7.1200000e+000  1.1191570e+000
  7.1300000e+000  4.0877305e-001
  7.1400000e+000  7.0118576e-001
  7.1500000e+000  1.1889116e+000
  7.1600000e+000  5.4848319e-001
  7.1700000e+000  1.0097551e+000
  7.1800000e+000  4.6900368e-001
  7.1900000e+000  7.1269691e-001
  7.2000000e+000  1.2811464e+000
  7.2100000e+000  6.3053410e-001
  7.2200000e+000  6.6148734e-001
  7.2300000e+000  7.5525048e-001
  7.2400000e+000  5.2413088e-001
  7.2500000e+000  5.5980419e-001
  7.2600000e+000  8.2487151e-001
  7.2700000e+000  5.2008420e-001
  7.2800000e+000  7.7389452e-001
  7.2900000e+000  5.8502429e-001
  7.3000000e+000  9.3289828e-001
  7.3100000e+000  6.2594703e-001
  7.3200000e+000  6.2081429e-001
  7.3300000e+000  7.7321326e-001
  7.3400000e+000  5.9164615e-001
  7.3500000e+000  9.0654213e-001
  7.3600000e+000  6.5532978e-001
  7.3700000e+000  6.0770536e-001
  7.3800000e+000  7.3378091e-001
  7.3900000e+000  9.6126142e-001
  7.4000000e+000  4.5813099e-001
  7.4100000e+000  7.2167556e-001
  7.4200000e+000  6.6812165e-001
  7.4300000e+000  5.0322377e-001
  7.4400000e+000  6.8554980e-001
  7.4500000e+000  8.8410934e-001
  7.4600000e+000  1.0368316e+000
  7.4700000e+000  6.7180515e-001
  7.4800000e+000  8.0062359e-001
  7.4900000e+000  3.5823697e-001
  7.5000000e+000  9.7290514e-001
  7.5100000e+000  5.8970358e-001
  7.5200000e+000  5.5889203e-001
  7.5300000e+000  9.8144103e-001
  7.5400000e+000  8.7395219e-001
  7.5500000e+000  6.0984988e-001
  7.5600000e+000  7.1023594e-001
  7.5700000e+000  1.0251343e+000
  7.5800000e+000  7.5252334e-001
  7.5900000e+000  8.7526746e-001
  7.6000000e+000  6.8481532e-001
  7.6100000e+000  2.8462785e-001
  7.6200000e+000  3.1777300e-001
  7.6300000e+000  7.2969996e-001
  7.6400000e+000  8.5865537e-001
  7.6500000e+000  8.0215011e-001
  7.6600000e+000  7.3103945e-001
  7.6700000e+000  6.3506524e-001
  7.6800000e+000  4.6447235e-001
  7.6900000e+000  5.6685151e-001
  7.7000000e+000  6.4349453e-001
  7.7100000e+000  7.8835150e-001
  7.7200000e+000  5.7986096e-001
  7.7300000e+000  3.7780165e-001
  7.7400000e+000  6.1875961e-001
  7.7500000e+000  6.1695884e-001
  7.7600000e+000  5.2579052e-001
  7.7700000e+000  9.1506506e-001
  7.7800000e+000  7.8745716e-001
  7.7900000e+000  1.0063278e+000
  7.8000000e+000  6.0716796e-001
  7.8100000e+000  1.1399859e+000
  7.8200000e+000  6.3355565e-001
  7.8300000e+000  7.6830019e-001
  7.8400000e+000  8.8264365e-001
  7.8500000e+000  7.0669995e-001
  7.8600000e+000  5.3884381e-001
  7.8700000e+000  4.8895125e-001
  7.8800000e+000  6.0189364e-001
  7.8900000e+000  3.3122465e-001
  7.9000000e+000  6.3333973e-001
  7.9100000e+000  7.3041673e-001
  7.9200000e+000  9.4335500e-001
  7.9300000e+000  6.7903271e-001
  7.9400000e+000  5.4112466e-001
  7.9500000e+000  1.1036748e+000
  7.9600000e+000  9.1110324e-001
  7.9700000e+000  5.4869158e-001
  7.9800000e+000  8.5154727e-001
  7.9900000e+000  7.3911541e-001
  8.0000000e+000  7.3858391e-001
  8.0100000e+000  7.3722058e-001
  8.0200000e+000  9.9128861e-001
  8.0300000e+000  3.6585709e-001
  8.0400000e+000  8.3050490e-001
  8.0500000e+000  5.5662225e-001
  8.0600000e+000  4.5772139e-001
  8.0700000e+000  4.5312322e-001
  8.0800000e+000  3.8382651e-001
  8.0900000e+000  9.2136880e-001
  8.1000000e+000  7.0502952e-001
  8.1100000e+000  7.6188727e-001
  8.1200000e+000  7.3881759e-001
  8.1300000e+000  1.2443040e+000
  8.1400000e+000  7.7991734e-001
  8.1500000e+000  7.1831689e-001
  8.1600000e+000  7.7407371e-001
  8.1700000e+000  6.4598459e-001
  8.1800000e+000  9.1271532e-001
  8.1900000e+000  6.5179513e-001
  8.2000000e+000  1.0303587e+000
  8.2100000e+000  7.3131663e-001
  8.2200000e+000  8.9598663e-001
  8.2300000e+000  7.4365608e-001
  8.2400000e+000  8.4632769e-001
  8.2500000e+000  9.8547128e-001
  8.2600000e+000  6.7812733e-001
  8.2700000e+000  4.5966107e-001
  8.2800000e+000  7.0185189e-001
  8.2900000e+000  6.6113945e-001
  8.3000000e+000  4.1800424e-001
  8.3100000e+000  1.0284037e+000
  8.3200000e+000  1.0602427e+000
  8.3300000e+000  3.9269378e-001
  8.3400000e+000  5.1519626e-001
  8.3500000e+000  5.8774094e-001
  8.3600000e+000  6.5874184e-001
  8.3700000e+000  7.7766171e-001
  8.3800000e+000  7.0975600e-001
  8.3900000e+000  4.6275392e-001
  8.4000000e+000  8.1589544e-001
  8.4100000e+000  7.6214126e-001
  8.4200000e+000  9.8452235e-001
  8.4300000e+000  7.2014034e-001
  8.4400000e+000  1.0157423e+000
  8.4500000e+000  4.2563924e-001
  8.4600000e+000  7.9931303e-001
  8.4700000e+000  7.6745255e-001
  8.4800000e+000  7.5379032e-001
  8.4900000e+000  6.3737683e-001
  8.5000000e+000  8.9752929e-001
  8.5100000e+000  4.7991141e-001
  8.5200000e+000  5.4619564e-001
  8.5300000e+000  5.9961096e-001
  8.5400000e+000  9.6984532e-001
  8.5500000e+000  4.0108754e-001
  8.5600000e+000  6.7205339e-001
  8.5700000e+000  4.9333176e-001
  8.5800000e+000  8.0916921e-001
  8.5900000e+000  3.5264267e-001
  8.6000000e+000  4.1324748e-001
  8.6100000e+000  6.2690049e-001
  8.6200000e+000  1.2113297e+000
  8.6300000e+000  8.3191052e-001
  8.6400000e+000  6.9794842e-001
  8.6500000e+000  4.7800792e-001
  8.6600000e+000  4.5352084e-001
  8.6700000e+000  1.0242287e+000
  8.6800000e+000  1.1593142e+000
  8.6900000e+000  6.4974530e-001
  8.7000000e+000  7.2598815e-001
  8.7100000e+000  9.3638171e-001
  8.7200000e+000  8.2022279e-001
  8.7300000e+000  7.5906363e-001
  8.7400000e+000  7.6632125e-001
  8.7500000e+000  9.1799225e-001
  8.7600000e+000  5.8417855e-001
  8.7700000e+000  8.6639392e-001
  8.7800000e+000  4.9443147e-001
  8.7900000e+000  7.4574249e-001
  8.8000000e+000  7.5946732e-001
  8.8100000e+000  5.2106476e-001
  8.8200000e+000  7.3943760e-001
  8.8300000e+000  2.5184074e-001
  8.8400000e+000  6.5555160e-001
  8.8500000e+000  9.7322434e-001
  8.8600000e+000  9.8727154e-001
  8.8700000e+000  3.6356604e-001
  8.8800000e+000  1.1390851e+000
  8.8900000e+000  7.6942563e-001
  8.9000000e+000  8.7045459e-001
  8.9100000e+000  9.4631471e-001
  8.9200000e+000  7.0398430e-001
  8.9300000e+000  2.4946836e-001
  8.9400000e+000  3.4904296e-001
  8.9500000e+000  5.9971238e-001
  8.9600000e+000  4.6160623e-001
  8.9700000e+000  6.9132277e-001
  8.9800000e+000  6.8549565e-001
  8.9900000e+000  1.1575987e+000
  9.0000000e+000  5.2997669e-001
  9.0100000e+000  6.6068472e-001
  9.0200000e+000  8.4726986e-001
  9.0300000e+000  5.9065017e-001
  9.0400000e+000  9.8042391e-001
  9.0500000e+000  1.1914872e+000
  9.0600000e+000  1.0427290e+000
  9.0700000e+000  7.4500058e-001
  9.0800000e+000  8.5228519e-001
  9.0900000e+000  4.3861460e-001
  9.1000000e+000  8.1158099e-001
  9.1100000e+000  6.4706131e-001
  9.1200000e+000  8.1651559e-001
  9.1300000e+000  1.0365756e+000
  9.1400000e+000  8.9619242e-001
  9.1500000e+000  8.7430525e-001
  9.1600000e+000  6.3055644e-001
  9.1700000e+000  8.5919900e-001
  9.1800000e+000  4.8703054e-001
  9.1900000e+000  8.2006951e-001
  9.2000000e+000  1.1520501e+000
  9.2100000e+000  3.8047621e-001
  9.2200000e+000  9.1110275e-001
  9.2300000e+000  7.9470026e-001
  9.2400000e+000  7.2986072e-001
  9.2500000e+000  5.2754253e-001
  9.2600000e+000  7.2417741e-001
  9.2700000e+000  7.9843059e-001
  9.2800000e+000  7.2684440e-001
  9.2900000e+000  7.6619275e-001
  9.3000000e+000  7.9336867e-001
  9.3100000e+000  3.1720706e-001
  9.3200000e+000  6.8169879e-001
  9.3300000e+000  4.0795911e-001
  9.3400000e+000  8.6193695e-001
  9.3500000e+000  8.1782781e-001
  9.3600000e+000  9.5378965e-001
  9.3700000e+000  5.7902987e-001
  9.3800000e+000  7.0207381e-001
  9.3900000e+000  7.5598264e-001
  9.4000000e+000  8.3076839e-001
  9.4100000e+000  1.0176387e+000
  9.4200000e+000  8.8536132e-001
  9.4300000e+000  5.6199473e-001
  9.4400000e+000  6.4456810e-001
  9.4500000e+000  8.2964913e-001
  9.4600000e+000  6.2120814e-001
  9.4700000e+000  5.3711950e-001
  9.4800000e+000  1.0722504e+000
  9.4900000e+000  6.0094647e-001
  9.5000000e+000  7.6059812e-001
  9.5100000e+000  6.5197980e-001
  9.5200000e+000  6.0917174e-001
  9.5300000e+000  8.8742840e-001
  9.5400000e+000  6.4577715e-001
  9.5500000e+000  7.8123448e-001
  9.5600000e+000  6.9055670e-001
  9.5700000e+000  7.8684544e-001
  9.5800000e+000  7.5309192e-001
  9.5900000e+000  1.0688991e+000
  9.6000000e+000  8.1839910e-001
  9.6100000e+000  6.3032163e-001
  9.6200000e+000  6.6000634e-001
  9.6300000e+000  7.5668493e-001
  9.6400000e+000  7.2043006e-001
  9.6500000e+000  8.3998386e-001
  9.6600000e+000  1.1063794e+000
  9.6700000e+000  5.5484344e-001
  9.6800000e+000  6.7405441e-001
  9.6900000e+000  6.6961574e-001
  9.7000000e+000  7.7230981e-001
  9.7100000e+000  8.8837800e-001
  9.7200000e+000  8.2291652e-001
  9.7300000e+000  5.9310424e-001
  9.7400000e+000  7.7731662e-001
  9.7500000e+000  3.6689270e-001
  9.7600000e+000  5.3618917e-001
  9.7700000e+000  3.6711521e-001
  9.7800000e+000  6.5679306e-001
  9.7900000e+000  9.0915565e-001
  9.8000000e+000  1.0885992e+000
  9.8100000e+000  1.1108825e+000
  9.8200000e+000  5.5963557e-001
  9.8300000e+000  8.4193861e-001
  9.8400000e+000  6.0615627e-001
  9.8500000e+000  1.0199847e+000
  9.8600000e+000  5.9267479e-001
  9.8700000e+000  9.7243099e-001
  9.8800000e+000  6.5668766e-001
  9.8900000e+000  9.9845654e-001
  9.9000000e+000  8.1098362e-001
  9.9100000e+000  6.8851218e-001
  9.9200000e+000  8.5830498e-001
  9.9300000e+000  5.6763606e-001
  9.9400000e+000  5.5865880e-001
  9.9500000e+000  4.9726333e-001
  9.9600000e+000  7.6762707e-001
  9.9700000e+000  7.0998000e-001
  9.9800000e+000  5.9971785e-001
  9.9900000e+000  8.6667022e-001
  1.0000000e+001  9.0329356e-001
  1.0010000e+001  6.4086854e-001
  1.0020000e+001  8.5367189e-001
  1.0030000e+001  7.0940350e-001
  1.0040000e+001  7.8667029e-001
  1.0050000e+001  8.2729884e-001
  1.0060000e+001  1.8759287e-001
  1.0070000e+001  6.6636659e-001
  1.0080000e+001  5.3697726e-001
  1.0090000e+001  7.2692817e-001
  1.0100000e+001  6.4445307e-001
  1.0110000e+001  5.8625062e-001
  1.0120000e+001  3.9302617e-001
  1.0130000e+001  8.2868124e-001
  1.0140000e+001  6.0176355e-001
  1.0150000e+001  9.1789357e-001
  1.0160000e+001  5.5816269e-001
  1.0170000e+001  7.9697209e-001
  1.0180000e+001  4.6393156e-001
  1.0190000e+001  9.8106142e-001
  1.0200000e+001  7.5892671e-001
  1.0210000e+001  5.5244623e-001
  1.0220000e+001  1.9351258e-001
  1.0230000e+001  7.6582003e-001
  1.0240000e+001  7.6402146e-001
  1.0250000e+001  6.9325169e-001
  1.0260000e+001  8.3194402e-001
  1.0270000e+001  1.0117723e+000
  1.0280000e+001  6.0325311e-001
  1.0290000e+001  6.0461768e-001
  1.0300000e+001  7.0880111e-001
  1.0310000e+001  5.4082939e-001
  1.0320000e+001  5.2967418e-001
  1.0330000e+001  6.5778069e-001
  1.0340000e+001  8.6448403e-001
  1.0350000e+001  5.4819375e-001
  1.0360000e+001  8.4748683e-001
  1.0370000e+001  5.0674647e-001
  1.0380000e+001  2.5118958e-001
  1.0390000e+001  8.8985925e-001
  1.0400000e+001  5.1924376e-001
  1.0410000e+001  9.2690809e-001
  1.0420000e+001  4.7797766e-001
  1.0430000e+001  7.6255097e-001
  1.0440000e+001  6.6081266e-001
  1.0450000e+001  1.0920886e+000
  1.0460000e+001  6.7558663e-001
  1.0470000e+001  1.0042213e+000
  1.0480000e+001  7.5725131e-001
  1.0490000e+001  7.5406917e-001
  1.0500000e+001  7.8996226e-001
  1.0510000e+001  9.3160213e-001
  1.0520000e+001  6.2105506e-001
  1.0530000e+001  7.8225094e-001
  1.0540000e+001  6.1445810e-001
  1.0550000e+001  8.6148604e-001
  1.0560000e+001  5.6189870e-001
  1.0570000e+001  6.0845441e-001
  1.0580000e+001  7.4423408e-001
  1.0590000e+001  8.7719443e-001
  1.0600000e+001  5.4266388e-001
  1.0610000e+001  6.5465097e-001
  1.0620000e+001  6.9441560e-001
  1.0630000e+001  4.7437287e-001
  1.0640000e+001  6.2091819e-001
  1.0650000e+001  7.6448338e-001
  1.0660000e+001  4.3891453e-001
  1.0670000e+001  4.4558137e-001
  1.0680000e+001  4.9212746e-001
  1.0690000e+001  1.0913738e+000
  1.0700000e+001  9.3644243e-001
  1.0710000e+001  5.0755176e-001
  1.0720000e+001  9.8913573e-001
  1.0730000e+001  1.1806756e+000
  1.0740000e+001  7.2926896e-001
  1.0750000e+001  1.0319940e+000
  1.0760000e+001  7.8466478e-001
  1.0770000e+001  4.2280254e-001
  1.0780000e+001  9.9113310e-001
  1.0790000e+001  8.0147345e-001
  1.0800000e+001  5.9836686e-001
  1.0810000e+001  5.9275343e-001
  1.0820000e+001  6.6062706e-001
  1.0830000e+001  5.3510924e-001
  1.0840000e+001  1.1303942e+000
  1.0850000e+001  7.2427088e-001
  1.0860000e+001  1.0239499e+000
  1.0870000e+001  9.0327627e-001
  1.0880000e+001  4.8552892e-001
  1.0890000e+001  9.7360045e-001
  1.0900000e+001  6.8737348e-001
  1.0910000e+001  7.3291484e-001
  1.0920000e+001  7.4162151e-001
  1.0930000e+001  9.2442842e-001
  1.0940000e+001  3.6796881e-001
  1.0950000e+001  8.5988330e-001
  1.0960000e+001  5.6516435e-001
  1.0970000e+001  8.1260652e-001
  1.0980000e+001  7.2349969e-001
  1.0990000e+001  1.0669543e+000
  1.1000000e+001  8.1214393e-001
  1.1010000e+001  7.4326345e-001
  1.1020000e+001  6.4905923e-001
  1.1030000e+001  9.4620594e-001
  1.1040000e+001  6.6683134e-001
  1.1050000e+001  5.8457966e-001
  1.1060000e+001  6.3689624e-001
  1.1070000e+001  4.8943258e-001
  1.1080000e+001  1.0302968e+000
  1.1090000e+001  9.5803574e-001
  1.1100000e+001  7.8824019e-001
  1.1110000e+001  7.3616020e-001
  1.1120000e+001  4.9699206e-001
  1.1130000e+001  7.4718288e-001
  1.1140000e+001  1.0671889e+000
  1.1150000e+001  6.5288384e-001
  1.1160000e+001  8.0021021e-001
  1.1170000e+001  6.0995945e-001
  1.1180000e+001  8.6529310e-001
  1.1190000e+001  6.1220329e-001
  1.1200000e+001  1.1675726e+000
  1.1210000e+001  7.6887660e-001
  1.1220000e+001  7.6667069e-001
  1.1230000e+001  8.7795354e-001
  1.1240000e+001  6.4906200e-001
  1.1250000e+001  6.9126803e-001
  1.1260000e+001  4.2172314e-001
  1.1270000e+001  6.0520995e-001
  1.1280000e+001  6.3861906e-001
  1.1290000e+001  5.9263472e-001
  1.1300000e+001  8.3413276e-001
  1.1310000e+001  7.5811510e-001
  1.1320000e+001  7.2835232e-001
  1.1330000e+001  1.1692790e-001
  1.1340000e+001  6.9749247e-001
  1.1350000e+001  6.9904291e-001
  1.1360000e+001  6.2685807e-001
  1.1370000e+001  9.2788233e-001
  1.1380000e+001  1.0608380e+000
  1.1390000e+001  9.7859975e-001
  1.1400000e+001  7.6485501e-001
  1.1410000e+001  2.8442732e-001
  1.1420000e+001  9.1612553e-001
  1.1430000e+001  6.7447761e-001
  1.1440000e+001  6.1713543e-001
  1.1450000e+001  9.5769435e-001
  1.1460000e+001  4.7195996e-001
  1.1470000e+001  1.0812345e+000
  1.1480000e+001  8.5039818e-001
  1.1490000e+001  8.6235847e-001
  1.1500000e+001  1.0108848e+000
  1.1510000e+001  5.4038856e-001
  1.1520000e+001  8.9793545e-001
  1.1530000e+001  6.2071642e-001
  1.1540000e+001  4.2105292e-001
  1.1550000e+001  6.6405627e-001
  1.1560000e+001  6.3231164e-001
  1.1570000e+001  9.4070048e-001
  1.1580000e+001  6.5298946e-001
  1.1590000e+001  8.8207552e-001
  1.1600000e+001  6.0920763e-001
  1.1610000e+001  6.9427367e-001
  1.1620000e+001  8.4587668e-001
  1.1630000e+001  7.0134012e-001
  1.1640000e+001  6.4585716e-001
  1.1650000e+001  8.7600500e-001
  1.1660000e+001  8.3480755e-001
  1.1670000e+001  8.0849592e-001
  1.1680000e+001  9.3862130e-001
  1.1690000e+001  9.7463672e-001
  1.1700000e+001  5.2733236e-001
  1.1710000e+001  4.0214413e-001
  1.1720000e+001  1.1692270e+000
  1.1730000e+001  7.7447456e-001
  1.1740000e+001  8.4816140e-001
  1.1750000e+001  3.6041121e-001
  1.1760000e+001  6.3252573e-001
  1.1770000e+001  7.8026227e-001
  1.1780000e+001  8.4625892e-001
  1.1790000e+001  4.1765131e-001
  1.1800000e+001  7.0838606e-001
  1.1810000e+001  5.2301397e-001
  1.1820000e+001  5.1874187e-001
  1.1830000e+001  5.9885934e-001
  1.1840000e+001  1.2001086e+000
  1.1850000e+001  8.2015101e-001
  1.1860000e+001  8.1853132e-001
  1.1870000e+001  7.2854690e-001
  1.1880000e+001  6.2397787e-001
  1.1890000e+001  4.5557384e-001
  1.1900000e+001  6.7460489e-001
  1.1910000e+001  7.5215340e-001
  1.1920000e+001  8.1665422e-001
  1.1930000e+001  6.6420023e-001
  1.1940000e+001  8.5169925e-001
  1.1950000e+001  7.6090701e-001
  1.1960000e+001  6.3920856e-001
  1.1970000e+001  6.6171483e-001
  1.1980000e+001  6.3463762e-001
  1.1990000e+001  7.9319919e-001
  1.2000000e+001  7.2336706e-001
  1.2010000e+001  7.7441861e-001
  1.2020000e+001  6.6770622e-001
  1.2030000e+001  8.6451161e-001
  1.2040000e+001  8.4720501e-001
  1.2050000e+001  3.8743711e-001
  1.2060000e+001  6.8882121e-001
  1.2070000e+001  4.3146257e-001
  1.2080000e+001  8.6748938e-001
  1.2090000e+001  8.6324444e-001
  1.2100000e+001  4.4551048e-001
  1.2110000e+001  9.9055674e-001
  1.2120000e+001  6.5673420e-001
  1.2130000e+001  6.8458192e-001
  1.2140000e+001  9.2898434e-001
  1.2150000e+001  8.7257096e-001
  1.2160000e+001  9.2271230e-001
  1.2170000e+001  7.9356909e-001
  1.2180000e+001  8.6071346e-001
  1.2190000e+001  8.4004664e-001
  1.2200000e+001  9.7794648e-001
  1.2210000e+001  6.5012068e-001
  1.2220000e+001  8.7793637e-001
  1.2230000e+001  4.8469480e-001
  1.2240000e+001  6.7379084e-001
  1.2250000e+001  5.7946958e-001
  1.2260000e+001  7.3269656e-001
  1.2270000e+001  5.8212331e-001
  1.2280000e+001  9.7952845e-001
  1.2290000e+001  8.4445492e-001
  1.2300000e+001  6.7891837e-001
  1.2310000e+001  7.7670759e-001
  1.2320000e+001  7.4455129e-001
  1.2330000e+001  6.8148832e-001
  1.2340000e+001  7.0651657e-001
  1.2350000e+001  6.0643744e-001
  1.2360000e+001  5.2150858e-001
  1.2370000e+001  7.4100316e-001
  1.2380000e+001  1.0597286e+000
  1.2390000e+001  4.7750032e-001
  1.2400000e+001  1.0667690e-001
  1.2410000e+001  6.3611140e-001
  1.2420000e+001  1.0945047e+000
  1.2430000e+001  9.7764597e-001
  1.2440000e+001  7.8833445e-001
  1.2450000e+001  2.4654530e-001
  1.2460000e+001  8.3734032e-001
  1.2470000e+001  8.4829776e-001
  1.2480000e+001  9.0010276e-001
  1.2490000e+001  7.1865631e-001
  1.2500000e+001  1.0985359e+000
