  0.0000000e+000  9.2889340e-002
  1.0000000e-002 -7.1749042e-002
  2.0000000e-002 -1.1152231e-001
  3.0000000e-002  5.4726237e-002
  4.0000000e-002 -7.2880155e-002
  5.0000000e-002 -3.1979410e-001
  6.0000000e-002 -5.3879412e-004
  7.0000000e-002  8.7066327e-002
  8.0000000e-002  1.4161818e-001
  9.0000000e-002  1.0663161e-001
  1.0000000e-001 -1.7645026e-001
  1.1000000e-001  8.9453899e-002
  1.2000000e-001 -5.7976864e-002
  1.3000000e-001  2.6152306e-001
  1.4000000e-001 -2.9283291e-001
  1.5000000e-001  3.3731664e-002
  1.6000000e-001 -8.6634869e-002
  1.7000000e-001 -3.3314955e-001
  1.8000000e-001  1.8206510e-001
  1.9000000e-001 -1.6072833e-001
  2.0000000e-001 -6.7051200e-002
  2.1000000e-001 -3.1852351e-001
  2.2000000e-001 -3.5445613e-001
  2.3000000e-001 -1.2866200e-001
  2.4000000e-001 -2.7229066e-001
  2.5000000e-001 -8.1771390e-002
  2.6000000e-001  6.6950934e-002
  2.7000000e-001 -8.8245087e-002
  2.8000000e-001 -1.0520773e-001
  2.9000000e-001 -4.5126496e-001
  3.0000000e-001  1.2543364e-001
  3.1000000e-001 -4.0988538e-001
  3.2000000e-001 -1.5242138e-001
  3.3000000e-001 -2.5192382e-001
  3.4000000e-001 -5.3034310e-002
  3.5000000e-001 -2.8498271e-001
  3.6000000e-001 -8.6010070e-002
  3.7000000e-001 -3.6107865e-001
  3.8000000e-001 -2.1469249e-001
  3.9000000e-001 -2.0178600e-002
  4.0000000e-001 -3.4393563e-001
  4.1000000e-001 -2.0971157e-001
  4.2000000e-001  1.2092836e-001
  4.3000000e-001 -2.0816226e-001
  4.4000000e-001 -2.0921690e-001
  4.5000000e-001 -6.8812483e-001
  4.6000000e-001  2.5352136e-001
  4.7000000e-001 -5.0422038e-001
  4.8000000e-001 -1.9887434e-001
  4.9000000e-001 -3.1608663e-001
  5.0000000e-001  1.4581522e-001
  5.1000000e-001 -5.8851124e-001
  5.2000000e-001 -3.4339100e-001
  5.3000000e-001 -2.3495988e-001
  5.4000000e-001 -1.0947988e-001
  5.5000000e-001 -4.0837636e-001
  5.6000000e-001  8.0224344e-002
  5.7000000e-001 -1.9351417e-002
  5.8000000e-001 -2.3133293e-001
  5.9000000e-001 -2.9443036e-001
  6.0000000e-001 -4.2209491e-001
  6.1000000e-001 -6.9823608e-002
  6.2000000e-001 -6.3448732e-001
  6.3000000e-001 -2.8024479e-001
  6.4000000e-001 -6.0872655e-001
  6.5000000e-001 -6.7176145e-002
  6.6000000e-001 -2.6762669e-001
  6.7000000e-001 -2.8927741e-001
  6.8000000e-001 -3.5149679e-001
  6.9000000e-001  1.3021945e-001
  7.0000000e-001 -3.1737874e-001
  7.1000000e-001  3.0738686e-001
  7.2000000e-001 -7.9383123e-002
  7.3000000e-001 -2.4650862e-001
  7.4000000e-001 -2.7030725e-001
  7.5000000e-001 -2.6020138e-001
  7.6000000e-001  5.9127879e-002
  7.7000000e-001 -1.0828331e-001
  7.8000000e-001 -1.0863191e-001
  7.9000000e-001 -7.6854450e-002
  8.0000000e-001 -2.6389094e-001
  8.1000000e-001 -7.0510297e-002
  8.2000000e-001 -1.5209669e-002
  8.3000000e-001 -7.3900643e-002
  8.4000000e-001  2.7253297e-001
  8.5000000e-001 -5.3964997e-001
  8.6000000e-001 -1.8642186e-001
  8.7000000e-001 -2.6319289e-001
  8.8000000e-001 -2.7732867e-001
  8.9000000e-001 -6.0402578e-001
  9.0000000e-001 -5.6334153e-001
  9.1000000e-001 -4.5425763e-001
  9.2000000e-001 -3.4381478e-001
  9.3000000e-001 -3.2048300e-001
  9.4000000e-001 -3.1498914e-001
  9.5000000e-001  1.8612317e-001
  9.6000000e-001 -4.0170256e-003
  9.7000000e-001 -1.2012476e-001
  9.8000000e-001 -2.8959973e-001
  9.9000000e-001  1.5641029e-001
  1.0000000e+000 -1.0109873e-001
  1.0100000e+000 -2.4038140e-001
  1.0200000e+000 -2.9850149e-001
  1.0300000e+000  2.3590296e-001
  1.0400000e+000 -2.5122446e-001
  1.0500000e+000  1.4777174e-001
  1.0600000e+000 -8.8045314e-002
  1.0700000e+000 -4.6657854e-001
  1.0800000e+000 -3.5497601e-001
  1.0900000e+000 -3.4119199e-001
  1.1000000e+000  9.9474228e-002
  1.1100000e+000  2.1227356e-002
  1.1200000e+000 -1.2097075e-001
  1.1300000e+000 -1.5318525e-001
  1.1400000e+000 -1.3678359e-001
  1.1500000e+000 -8.2027394e-002
  1.1600000e+000 -4.0676577e-001
  1.1700000e+000 -3.5597825e-001
  1.1800000e+000 -1.1176160e-001
  1.1900000e+000  4.6410404e-001
  1.2000000e+000 -1.0582646e-001
  1.2100000e+000 -8.7118222e-002
  1.2200000e+000 -2.9693739e-001
  1.2300000e+000 -1.4553501e-001
  1.2400000e+000 -1.7293080e-002
  1.2500000e+000 -4.1216959e-002
  1.2600000e+000 -3.6393929e-002
  1.2700000e+000 -9.0159767e-002
  1.2800000e+000  1.1576055e-001
  1.2900000e+000 -4.5967435e-002
  1.3000000e+000  5.1508451e-002
  1.3100000e+000  1.8803018e-003
  1.3200000e+000  6.1802843e-002
  1.3300000e+000 -4.7008534e-001
  1.3400000e+000 -2.2060473e-003
  1.3500000e+000  1.3943029e-001
  1.3600000e+000 -2.8497823e-003
  1.3700000e+000 -1.2637176e-001
  1.3800000e+000 -1.3607154e-002
  1.3900000e+000  1.6670292e-001
  1.4000000e+000  7.9423237e-002
  1.4100000e+000  3.1916518e-001
  1.4200000e+000 -8.7197828e-002
  1.4300000e+000  1.4110365e-001
  1.4400000e+000  1.8621523e-001
  1.4500000e+000 -1.7798855e-002
  1.4600000e+000  1.3386550e-001
  1.4700000e+000  1.6330086e-001
  1.4800000e+000  5.1183680e-003
  1.4900000e+000  3.6609342e-001
  1.5000000e+000 -1.4567927e-001
  1.5100000e+000 -1.1786142e-001
  1.5200000e+000  3.2740995e-001
  1.5300000e+000  3.2155944e-001
  1.5400000e+000  1.3524572e-001
  1.5500000e+000  2.3490734e-001
  1.5600000e+000  5.2015360e-002
  1.5700000e+000  2.9170024e-001
  1.5800000e+000  1.2454718e-001
  1.5900000e+000 -8.1724433e-002
  1.6000000e+000  6.8366207e-002
  1.6100000e+000  1.5448791e-001
  1.6200000e+000  1.5114511e-001
  1.6300000e+000  4.5875104e-001
  1.6400000e+000  6.2362937e-002
  1.6500000e+000  3.8526464e-001
  1.6600000e+000  2.5390511e-001
  1.6700000e+000  7.7203200e-002
  1.6800000e+000  2.4525896e-001
  1.6900000e+000  4.5356545e-001
  1.7000000e+000 -3.2215069e-002
  1.7100000e+000  1.1963845e-001
  1.7200000e+000  2.0648777e-001
  1.7300000e+000  1.6497651e-001
  1.7400000e+000  2.1179219e-001
  1.7500000e+000  1.5686825e-001
  1.7600000e+000  2.1011216e-001
  1.7700000e+000  3.7140660e-001
  1.7800000e+000  3.2072055e-001
  1.7900000e+000 -8.4632762e-002
  1.8000000e+000  2.5384202e-001
  1.8100000e+000  2.3663196e-001
  1.8200000e+000  5.0074169e-001
  1.8300000e+000  2.3757133e-001
  1.8400000e+000  3.8910688e-001
  1.8500000e+000  2.4967197e-001
  1.8600000e+000  2.7353969e-001
  1.8700000e+000  2.1484001e-001
  1.8800000e+000  8.2375587e-002
  1.8900000e+000  5.8994731e-001
  1.9000000e+000  4.8076780e-001
  1.9100000e+000 -9.1828739e-002
  1.9200000e+000  2.6267194e-001
  1.9300000e+000  2.7627168e-001
  1.9400000e+000  6.4585509e-002
  1.9500000e+000  3.8010056e-001
  1.9600000e+000  3.3143310e-001
  1.9700000e+000  1.8478221e-001
  1.9800000e+000 -1.3764962e-001
  1.9900000e+000  5.0306243e-001
  2.0000000e+000  1.7400431e-001
  2.0100000e+000  3.7206898e-001
  2.0200000e+000  5.8292635e-001
  2.0300000e+000  2.8309183e-001
  2.0400000e+000  2.9663076e-001
  2.0500000e+000  1.9809312e-001
  2.0600000e+000  4.1558784e-001
  2.0700000e+000  6.0322540e-001
  2.0800000e+000  3.6547573e-001
  2.0900000e+000  4.2840318e-001
  2.1000000e+000  2.6685028e-001
  2.1100000e+000  6.1443901e-001
  2.1200000e+000  3.3119157e-001
  2.1300000e+000  2.1906928e-001
  2.1400000e+000  1.8230356e-001
  2.1500000e+000  1.5999669e-001
  2.1600000e+000  4.2973518e-001
  2.1700000e+000  1.5712261e-001
  2.1800000e+000  6.7727826e-001
  2.1900000e+000  6.1420882e-001
  2.2000000e+000  3.0486965e-001
  2.2100000e+000  4.6775129e-001
  2.2200000e+000  1.0204585e-001
  2.2300000e+000  3.1526677e-001
  2.2400000e+000  5.6498990e-001
  2.2500000e+000  4.3062527e-001
  2.2600000e+000  4.8845337e-001
  2.2700000e+000  2.5744780e-001
  2.2800000e+000  4.7586150e-001
  2.2900000e+000  7.2297900e-001
  2.3000000e+000  2.0900678e-001
  2.3100000e+000  1.3466460e-001
  2.3200000e+000  5.6111116e-001
  2.3300000e+000  5.3741909e-001
  2.3400000e+000  4.8207602e-001
  2.3500000e+000  8.0975727e-001
  2.3600000e+000  3.1299785e-001
  2.3700000e+000  5.1029058e-001
  2.3800000e+000  2.4543318e-001
  2.3900000e+000  8.5114232e-001
  2.4000000e+000  5.1057898e-001
  2.4100000e+000  6.0008637e-001
  2.4200000e+000  7.9623845e-001
  2.4300000e+000  4.8120480e-001
  2.4400000e+000  4.9897577e-001
  2.4500000e+000  2.0453631e-001
  2.4600000e+000  5.7584029e-001
  2.4700000e+000  4.3162197e-001
  2.4800000e+000  4.0401266e-001
  2.4900000e+000  3.4347183e-001
  2.5000000e+000  8.3256516e-001
  2.5100000e+000  6.3492356e-001
  2.5200000e+000  4.5326127e-001
  2.5300000e+000  3.9190280e-001
  2.5400000e+000  6.1665719e-001
  2.5500000e+000  4.8261761e-001
  2.5600000e+000  4.9706353e-001
  2.5700000e+000  2.1474188e-001
  2.5800000e+000  5.5464494e-001
  2.5900000e+000  8.0325796e-001
  2.6000000e+000  4.4574145e-001
  2.6100000e+000  1.0829844e+000
  2.6200000e+000  5.3563539e-001
  2.6300000e+000  2.8995063e-001
  2.6400000e+000  9.5218583e-001
  2.6500000e+000  5.3818607e-001
  2.6600000e+000  7.1693267e-001
  2.6700000e+000  2.9196192e-001
  2.6800000e+000  8.1119653e-001
  2.6900000e+000  3.9377736e-001
  2.7000000e+000  8.4010642e-001
  2.7100000e+000  1.0103381e+000
  2.7200000e+000  6.2282675e-001
  2.7300000e+000  4.7854074e-001
  2.7400000e+000  7.1228054e-001
  2.7500000e+000  5.6010398e-001
  2.7600000e+000  5.4887327e-001
  2.7700000e+000  7.8689663e-001
  2.7800000e+000  8.0339393e-001
  2.7900000e+000  8.9455116e-001
  2.8000000e+000  5.6809543e-001
  2.8100000e+000  8.0325256e-001
  2.8200000e+000  7.1234198e-001
  2.8300000e+000  1.0289387e+000
  2.8400000e+000  6.1869990e-001
  2.8500000e+000  1.1108274e+000
  2.8600000e+000  8.2097196e-001
  2.8700000e+000  5.0433831e-001
  2.8800000e+000  7.9662909e-001
  2.8900000e+000  7.8261076e-001
  2.9000000e+000  6.1683437e-001
  2.9100000e+000  1.2131201e+000
  2.9200000e+000  7.3611414e-001
  2.9300000e+000  4.4951238e-001
  2.9400000e+000  6.0785075e-001
  2.9500000e+000  7.7684210e-001
  2.9600000e+000  6.5011542e-001
  2.9700000e+000  8.9354949e-001
  2.9800000e+000  5.8779825e-001
  2.9900000e+000  8.1265900e-001
  3.0000000e+000  7.0505699e-001
  3.0100000e+000  3.2192789e-001
  3.0200000e+000  7.3202013e-001
  3.0300000e+000  5.5763657e-001
  3.0400000e+000  5.8457827e-001
  3.0500000e+000  1.0925748e+000
  3.0600000e+000  8.1250929e-001
  3.0700000e+000  9.2281741e-001
  3.0800000e+000  6.0839324e-001
  3.0900000e+000  8.8145943e-001
  3.1000000e+000  1.0943657e+000
  3.1100000e+000  5.8905913e-001
  3.1200000e+000  8.6055071e-001
  3.1300000e+000  9.2453814e-001
  3.1400000e+000  7.2235040e-001
  3.1500000e+000  6.5424478e-001
  3.1600000e+000  9.7720980e-001
  3.1700000e+000  9.1223560e-001
  3.1800000e+000  1.0035208e+000
  3.1900000e+000  6.8686127e-001
  3.2000000e+000  5.9281192e-001
  3.2100000e+000  7.8838600e-001
  3.2200000e+000  7.7169322e-001
  3.2300000e+000  6.5659020e-001
  3.2400000e+000  6.4131442e-001
  3.2500000e+000  8.0324228e-001
  3.2600000e+000  1.1134610e+000
  3.2700000e+000  5.9724492e-001
  3.2800000e+000  7.7124615e-001
  3.2900000e+000  7.8936683e-001
  3.3000000e+000  5.6735325e-001
  3.3100000e+000  6.1411915e-001
  3.3200000e+000  7.6923704e-001
  3.3300000e+000  1.0426048e+000
  3.3400000e+000  1.0223599e+000
  3.3500000e+000  8.1975751e-001
  3.3600000e+000  9.7698422e-001
  3.3700000e+000  9.7842158e-001
  3.3800000e+000  5.2329632e-001
  3.3900000e+000  6.6164980e-001
  3.4000000e+000  9.2885552e-001
  3.4100000e+000  1.1331450e+000
  3.4200000e+000  1.0526397e+000
  3.4300000e+000  1.2557173e+000
  3.4400000e+000  5.4066849e-001
  3.4500000e+000  9.2047126e-001
  3.4600000e+000  6.7020078e-001
  3.4700000e+000  7.6425385e-001
  3.4800000e+000  1.2577851e+000
  3.4900000e+000  8.4722412e-001
  3.5000000e+000  7.0589872e-001
  3.5100000e+000  8.8120726e-001
  3.5200000e+000  7.3826842e-001
  3.5300000e+000  7.7273211e-001
  3.5400000e+000  9.1378349e-001
  3.5500000e+000  8.8292937e-001
  3.5600000e+000  6.0868154e-001
  3.5700000e+000  1.2670434e+000
  3.5800000e+000  1.2150426e+000
  3.5900000e+000  8.6096152e-001
  3.6000000e+000  8.8335022e-001
  3.6100000e+000  6.1046010e-001
  3.6200000e+000  7.1818709e-001
  3.6300000e+000  8.4083645e-001
  3.6400000e+000  1.0133675e+000
  3.6500000e+000  1.0375845e+000
  3.6600000e+000  6.0421753e-001
  3.6700000e+000  4.9825924e-001
  3.6800000e+000  9.8993605e-001
  3.6900000e+000  1.1183436e+000
  3.7000000e+000  7.4744970e-001
  3.7100000e+000  9.6896338e-001
  3.7200000e+000  1.1796422e+000
  3.7300000e+000  7.1960096e-001
  3.7400000e+000  1.0428627e+000
  3.7500000e+000  9.3623630e-001
  3.7600000e+000  7.1778241e-001
  3.7700000e+000  9.6026928e-001
  3.7800000e+000  1.0029691e+000
  3.7900000e+000  7.6969223e-001
  3.8000000e+000  1.1103845e+000
  3.8100000e+000  8.8296794e-001
  3.8200000e+000  7.3036728e-001
  3.8300000e+000  7.8347796e-001
  3.8400000e+000  1.2245497e+000
  3.8500000e+000  1.0025943e+000
  3.8600000e+000  8.6776149e-001
  3.8700000e+000  1.2527449e+000
  3.8800000e+000  7.5933347e-001
  3.8900000e+000  8.6328514e-001
  3.9000000e+000  6.2783915e-001
  3.9100000e+000  7.2839271e-001
  3.9200000e+000  7.5300129e-001
  3.9300000e+000  4.5971646e-001
  3.9400000e+000  9.8414762e-001
  3.9500000e+000  8.6131697e-001
  3.9600000e+000  9.9601215e-001
  3.9700000e+000  6.6665889e-001
  3.9800000e+000  5.1779221e-001
  3.9900000e+000  7.9795747e-001
  4.0000000e+000  1.1415840e+000
  4.0100000e+000  8.2674907e-001
  4.0200000e+000  1.1385788e+000
  4.0300000e+000  1.2748893e+000
  4.0400000e+000  9.4978646e-001
  4.0500000e+000  1.1831781e+000
  4.0600000e+000  9.6195426e-001
  4.0700000e+000  9.1660021e-001
  4.0800000e+000  1.1579125e+000
  4.0900000e+000  9.6139143e-001
  4.1000000e+000  8.2042619e-001
  4.1100000e+000  7.1396062e-001
  4.1200000e+000  1.2845134e+000
  4.1300000e+000  1.2282081e+000
  4.1400000e+000  6.9006292e-001
  4.1500000e+000  9.0171946e-001
  4.1600000e+000  9.8000773e-001
  4.1700000e+000  8.7478429e-001
  4.1800000e+000  4.3329622e-001
  4.1900000e+000  8.2295612e-001
  4.2000000e+000  7.0888050e-001
  4.2100000e+000  1.1732687e+000
  4.2200000e+000  1.0669133e+000
  4.2300000e+000  5.8841535e-001
  4.2400000e+000  1.1269235e+000
  4.2500000e+000  8.6458659e-001
  4.2600000e+000  1.2710973e+000
  4.2700000e+000  5.4660052e-001
  4.2800000e+000  1.1245405e+000
  4.2900000e+000  1.0113346e+000
  4.3000000e+000  6.7827292e-001
  4.3100000e+000  1.2218222e+000
  4.3200000e+000  9.1735529e-001
  4.3300000e+000  8.8312779e-001
  4.3400000e+000  1.0866486e+000
  4.3500000e+000  9.1093389e-001
  4.3600000e+000  1.0862852e+000
  4.3700000e+000  6.9723444e-001
  4.3800000e+000  8.2114128e-001
  4.3900000e+000  1.2756457e+000
  4.4000000e+000  7.2897542e-001
  4.4100000e+000  8.6594445e-001
  4.4200000e+000  7.5185961e-001
  4.4300000e+000  8.1204682e-001
  4.4400000e+000  8.1988205e-001
  4.4500000e+000  7.1518844e-001
  4.4600000e+000  5.6062080e-001
  4.4700000e+000  7.5149027e-001
  4.4800000e+000  1.1952034e+000
  4.4900000e+000  1.1264742e+000
  4.5000000e+000  1.0071452e+000
  4.5100000e+000  1.3435701e+000
  4.5200000e+000  9.6669686e-001
  4.5300000e+000  9.2134667e-001
  4.5400000e+000  1.0964827e+000
  4.5500000e+000  9.6815213e-001
  4.5600000e+000  1.2681690e+000
  4.5700000e+000  1.0528512e+000
  4.5800000e+000  9.1659460e-001
  4.5900000e+000  7.5091528e-001
  4.6000000e+000  1.0555931e+000
  4.6100000e+000  1.1250955e+000
  4.6200000e+000  9.1741762e-001
  4.6300000e+000  8.2672037e-001
  4.6400000e+000  1.1363441e+000
  4.6500000e+000  8.8783355e-001
  4.6600000e+000  8.8984612e-001
  4.6700000e+000  1.1194783e+000
  4.6800000e+000  9.8939546e-001
  4.6900000e+000  1.0599582e+000
  4.7000000e+000  9.4081667e-001
  4.7100000e+000  9.4575481e-001
  4.7200000e+000  5.5464724e-001
  4.7300000e+000  6.8687300e-001
  4.7400000e+000  1.2174281e+000
  4.7500000e+000  1.0712265e+000
  4.7600000e+000  1.0417080e+000
  4.7700000e+000  1.1972327e+000
  4.7800000e+000  8.9102936e-001
  4.7900000e+000  1.0284061e+000
  4.8000000e+000  9.1432678e-001
  4.8100000e+000  7.1431076e-001
  4.8200000e+000  3.9362816e-001
  4.8300000e+000  9.7813125e-001
  4.8400000e+000  9.2469117e-001
  4.8500000e+000  1.0243278e+000
  4.8600000e+000  5.2990506e-001
  4.8700000e+000  5.4263208e-001
  4.8800000e+000  8.2129858e-001
  4.8900000e+000  8.7733006e-001
  4.9000000e+000  7.7369579e-001
  4.9100000e+000  7.4286364e-001
  4.9200000e+000  8.7604442e-001
  4.9300000e+000  9.7353634e-001
  4.9400000e+000  8.7959308e-001
  4.9500000e+000  8.4656229e-001
  4.9600000e+000  9.4149680e-001
  4.9700000e+000  1.1762053e+000
  4.9800000e+000  8.3765957e-001
  4.9900000e+000  9.3720610e-001
  5.0000000e+000  1.1591073e+000
  5.0100000e+000  7.7979420e-001
  5.0200000e+000  1.1787498e+000
  5.0300000e+000  7.9852493e-001
  5.0400000e+000  7.8983162e-001
  5.0500000e+000  7.1731064e-001
  5.0600000e+000  9.5666445e-001
  5.0700000e+000  9.7419269e-001
  5.0800000e+000  1.0397906e+000
  5.0900000e+000  6.3011182e-001
  5.1000000e+000  7.7868509e-001
  5.1100000e+000  1.1518551e+000
  5.1200000e+000  6.3854532e-001
  5.1300000e+000  6.6285466e-001
  5.1400000e+000  9.4890946e-001
  5.1500000e+000  5.9101716e-001
  5.1600000e+000  9.5401456e-001
  5.1700000e+000  1.2209479e+000
  5.1800000e+000  9.6056028e-001
  5.1900000e+000  6.5252268e-001
  5.2000000e+000  6.5057843e-001
  5.2100000e+000  1.2523041e+000
  5.2200000e+000  9.2895883e-001
  5.2300000e+000  8.2454182e-001
  5.2400000e+000  6.7688764e-001
  5.2500000e+000  8.7290633e-001
  5.2600000e+000  8.9970751e-001
  5.2700000e+000  9.6004669e-001
  5.2800000e+000  8.0684096e-001
  5.2900000e+000  7.7863743e-001
  5.3000000e+000  1.1437638e+000
  5.3100000e+000  5.9197005e-001
  5.3200000e+000  1.0589942e+000
  5.3300000e+000  5.5257940e-001
  5.3400000e+000  1.2299019e+000
  5.3500000e+000  1.0581253e+000
  5.3600000e+000  7.3608167e-001
  5.3700000e+000  9.8214528e-001
  5.3800000e+000  8.6964163e-001
  5.3900000e+000  1.0861779e+000
  5.4000000e+000  8.3120622e-001
  5.4100000e+000  9.3293153e-001
  5.4200000e+000  6.2092606e-001
  5.4300000e+000  1.0708374e+000
  5.4400000e+000  8.9889553e-001
  5.4500000e+000  8.8416715e-001
  5.4600000e+000  7.2429407e-001
  5.4700000e+000  7.2921392e-001
  5.4800000e+000  8.3807578e-001
  5.4900000e+000  1.0804738e+000
  5.5000000e+000  4.0689421e-001
  5.5100000e+000  1.1533906e+000
  5.5200000e+000  1.2366534e+000
  5.5300000e+000  7.2115616e-001
  5.5400000e+000  7.0072687e-001
  5.5500000e+000  8.8027483e-001
  5.5600000e+000  5.8109104e-001
  5.5700000e+000  1.0644614e+000
  5.5800000e+000  7.1783038e-001
  5.5900000e+000  6.7282924e-001
  5.6000000e+000  1.0134754e+000
  5.6100000e+000  7.3073110e-001
  5.6200000e+000  6.3349213e-001
  5.6300000e+000  8.9430826e-001
  5.6400000e+000  6.8390650e-001
  5.6500000e+000  9.7475149e-001
  5.6600000e+000  9.6129628e-001
  5.6700000e+000  4.0483981e-001
  5.6800000e+000  8.1043167e-001
  5.6900000e+000  6.8894011e-001
  5.7000000e+000  9.8317330e-001
  5.7100000e+000  6.6144413e-001
  5.7200000e+000  8.8868722e-001
  5.7300000e+000  8.6704082e-001
  5.7400000e+000  9.0110183e-001
  5.7500000e+000  7.4766185e-001
  5.7600000e+000  8.1678477e-001
  5.7700000e+000  8.5681918e-001
  5.7800000e+000  8.3486304e-001
  5.7900000e+000  6.4507126e-001
  5.8000000e+000  6.1563372e-001
  5.8100000e+000  3.2024746e-001
  5.8200000e+000  6.8221290e-001
  5.8300000e+000  1.0309635e+000
  5.8400000e+000  7.2548492e-001
  5.8500000e+000  9.1539957e-001
  5.8600000e+000  9.8049929e-001
  5.8700000e+000  1.0313383e+000
  5.8800000e+000  7.3858550e-001
  5.8900000e+000  7.9386774e-001
  5.9000000e+000  6.3537527e-001
  5.9100000e+000  9.2636521e-001
  5.9200000e+000  8.0141893e-001
  5.9300000e+000  9.1147737e-001
  5.9400000e+000  6.3398262e-001
  5.9500000e+000  1.3081264e+000
  5.9600000e+000  7.6724589e-001
  5.9700000e+000  6.6282295e-001
  5.9800000e+000  7.4054175e-001
  5.9900000e+000  1.0121026e+000
  6.0000000e+000  6.3095884e-001
  6.0100000e+000  9.0051613e-001
  6.0200000e+000  5.6006765e-001
  6.0300000e+000  7.5158424e-001
  6.0400000e+000  2.5190118e-001
  6.0500000e+000  4.1214272e-001
  6.0600000e+000  6.3063394e-001
  6.0700000e+000  5.2268869e-001
  6.0800000e+000  1.0726378e+000
  6.0900000e+000  6.0500034e-001
  6.1000000e+000  7.0630062e-001
  6.1100000e+000  6.0795926e-001
  6.1200000e+000  6.1059844e-001
  6.1300000e+000  7.7142370e-001
  6.1400000e+000  8.1204361e-001
  6.1500000e+000  7.7476026e-001
  6.1600000e+000  7.7729616e-001
  6.1700000e+000  8.0417184e-001
  6.1800000e+000  5.7746519e-001
  6.1900000e+000  4.8435414e-001
  6.2000000e+000  1.0654489e+000
  6.2100000e+000  6.4441189e-001
  6.2200000e+000  9.2292630e-001
  6.2300000e+000  6.1208204e-001
  6.2400000e+000  7.2123921e-001
  6.2500000e+000  4.5435498e-001
  6.2600000e+000  1.1066017e+000
  6.2700000e+000  6.4878112e-001
  6.2800000e+000  6.4832370e-001
  6.2900000e+000  8.2647127e-001
  6.3000000e+000  7.7138968e-001
  6.3100000e+000  8.7181055e-001
  6.3200000e+000  7.7771211e-001
  6.3300000e+000  1.1133037e+000
  6.3400000e+000  9.3200595e-001
  6.3500000e+000  4.4739397e-001
  6.3600000e+000  9.0370788e-001
  6.3700000e+000  7.2901915e-001
  6.3800000e+000  6.8290318e-001
  6.3900000e+000  5.4025279e-001
  6.4000000e+000  9.1519127e-001
  6.4100000e+000  5.9399276e-001
  6.4200000e+000  6.8368913e-001
  6.4300000e+000  7.5750026e-001
  6.4400000e+000  6.6437821e-001
  6.4500000e+000  9.4764059e-001
  6.4600000e+000  7.7540567e-001
  6.4700000e+000  9.3340274e-001
  6.4800000e+000  7.0629658e-001
  6.4900000e+000  6.9690996e-001
  6.5000000e+000  6.3410213e-001
  6.5100000e+000  8.5815491e-001
  6.5200000e+000  1.0365626e+000
  6.5300000e+000  9.9374600e-001
  6.5400000e+000  7.5580301e-001
  6.5500000e+000  6.8841469e-001
  6.5600000e+000  1.0703560e+000
  6.5700000e+000  5.6455485e-001
  6.5800000e+000  6.3503562e-001
  6.5900000e+000  1.0500724e+000
  6.6000000e+000  4.6955767e-001
  6.6100000e+000  7.0966430e-001
  6.6200000e+000  8.7669219e-001
  6.6300000e+000  1.2172866e+000
  6.6400000e+000  7.1603644e-001
  6.6500000e+000  6.5577746e-001
  6.6600000e+000  6.5698910e-001
  6.6700000e+000  9.4766555e-001
  6.6800000e+000  6.1770341e-001
  6.6900000e+000  1.1327156e+000
  6.7000000e+000  5.3908275e-001
  6.7100000e+000  9.0749897e-001
  6.7200000e+000  7.6935262e-001
  6.7300000e+000  5.5286805e-001
  6.7400000e+000  8.3539156e-001
  6.7500000e+000  6.1456792e-001
  6.7600000e+000  3.4806125e-001
  6.7700000e+000  5.6555192e-001
  6.7800000e+000  8.2657937e-001
  6.7900000e+000  4.6522041e-001
  6.8000000e+000  7.2892376e-001
  6.8100000e+000  7.9725894e-001
  6.8200000e+000  6.9165282e-001
  6.8300000e+000  4.3895659e-001
  6.8400000e+000  8.9490194e-001
  6.8500000e+000  1.0146422e+000
  6.8600000e+000  1.1121797e+000
  6.8700000e+000  1.0708343e+000
  6.8800000e+000  7.6149657e-001
  6.8900000e+000  6.4519762e-001
  6.9000000e+000  1.0322943e+000
  6.9100000e+000  8.0101378e-001
  6.9200000e+000  5.1543361e-001
  6.9300000e+000  8.4287990e-001
  6.9400000e+000  6.8703500e-001
  6.9500000e+000  6.0495705e-001
  6.9600000e+000  1.0878870e+000
  6.9700000e+000  6.0661582e-001
  6.9800000e+000  8.7250874e-001
  6.9900000e+000  9.5905458e-001
  7.0000000e+000  1.1471237e+000
  7.0100000e+000  9.1045403e-001
  7.0200000e+000  7.2128632e-001
  7.0300000e+000  8.8095200e-001
  7.0400000e+000  5.9205612e-001
  7.0500000e+000  1.1176811e+000
  7.0600000e+000  4.6788079e-001
  7.0700000e+000  6.3931672e-001
  7.0800000e+000  8.6476162e-001
  7.0900000e+000  9.2275075e-001
  7.1000000e+000  6.7018669e-001
  7.1100000e+000  7.4870208e-001
  7.1200000e+000  2.6371730e-001
  7.1300000e+000  7.0319320e-001
  7.1400000e+000  7.8462863e-001
  7.1500000e+000  5.4424422e-001
  7.1600000e+000  9.3393283e-001
  7.1700000e+000  6.2049340e-001
  7.1800000e+000  8.5338069e-001
  7.1900000e+000  5.5053341e-001
  7.2000000e+000  8.1225649e-001
  7.2100000e+000  7.7804494e-001
  7.2200000e+000  5.9284511e-001
  7.2300000e+000  1.0020184e+000
  7.2400000e+000  4.5499939e-001
  7.2500000e+000  7.7310107e-001
  7.2600000e+000  8.7630347e-001
  7.2700000e+000  5.5583461e-001
  7.2800000e+000  8.3367007e-001
  7.2900000e+000  9.3160314e-001
  7.3000000e+000  5.5624332e-001
  7.3100000e+000  4.6526143e-001
  7.3200000e+000  6.9240408e-001
  7.3300000e+000  5.3267123e-001
  7.3400000e+000  5.5351172e-001
  7.3500000e+000  6.1259644e-001
  7.3600000e+000  6.5435289e-001
  7.3700000e+000  5.5623958e-001
  7.3800000e+000  7.6048740e-001
  7.3900000e+000  9.4499114e-001
  7.4000000e+000  8.2196732e-001
  7.4100000e+000  5.2839751e-001
  7.4200000e+000  8.0214248e-001
  7.4300000e+000  6.2196838e-001
  7.4400000e+000  6.3121118e-001
  7.4500000e+000  7.0982784e-001
  7.4600000e+000  9.4330399e-001
  7.4700000e+000  4.2705531e-001
  7.4800000e+000  6.7063671e-001
  7.4900000e+000  8.0386949e-001
  7.5000000e+000  4.5071711e-001
  7.5100000e+000  9.7394699e-001
  7.5200000e+000  1.0926266e+000
  7.5300000e+000  1.0567885e+000
  7.5400000e+000  7.4094798e-001
  7.5500000e+000  8.7220353e-001
  7.5600000e+000  6.0737580e-001
  7.5700000e+000  7.5401655e-001
  7.5800000e+000  8.4093874e-001
  7.5900000e+000  2.5480752e-001
  7.6000000e+000  6.5218699e-001
  7.6100000e+000  8.0771937e-001
  7.6200000e+000  4.9406656e-001
  7.6300000e+000  6.6571922e-001
  7.6400000e+000  8.5993694e-001
  7.6500000e+000  6.7780487e-001
  7.6600000e+000  7.5399169e-001
  7.6700000e+000  7.9907330e-001
  7.6800000e+000  5.6761520e-001
  7.6900000e+000  8.1262642e-001
  7.7000000e+000  7.9221687e-001
  7.7100000e+000  3.3538214e-001
  7.7200000e+000  9.3684177e-001
  7.7300000e+000  4.6606195e-001
  7.7400000e+000  5.0131510e-001
  7.7500000e+000  7.9996769e-001
  7.7600000e+000  8.1011089e-001
  7.7700000e+000  3.7901227e-001
  7.7800000e+000  2.8586622e-001
  7.7900000e+000  7.7476471e-001
  7.8000000e+000  7.0110464e-001
  7.8100000e+000  7.8093256e-001
  7.8200000e+000  6.2050256e-001
  7.8300000e+000  9.4229388e-001
  7.8400000e+000  7.4229236e-001
  7.8500000e+000  5.2857328e-001
  7.8600000e+000  4.5872297e-001
  7.8700000e+000  5.6723741e-001
  7.8800000e+000  9.3474031e-001
  7.8900000e+000  5.5407632e-001
  7.9000000e+000  1.0143521e+000
  7.9100000e+000  5.7996484e-001
  7.9200000e+000  6.7541834e-001
  7.9300000e+000  9.8163957e-001
  7.9400000e+000  1.1909707e+000
  7.9500000e+000  4.6516760e-001
  7.9600000e+000  9.5402879e-001
  7.9700000e+000  6.5311195e-001
  7.9800000e+000  7.9516254e-001
  7.9900000e+000  5.0417074e-001
  8.0000000e+000  3.8247458e-001
  8.0100000e+000  4.3987376e-001
  8.0200000e+000  9.9343274e-001
  8.0300000e+000  7.4904454e-001
  8.0400000e+000  1.0654513e+000
  8.0500000e+000  7.3733664e-001
  8.0600000e+000  7.4426527e-001
  8.0700000e+000  4.0560163e-001
  8.0800000e+000  6.5714399e-001
  8.0900000e+000  9.7819809e-001
  8.1000000e+000  7.7902406e-001
  8.1100000e+000  8.4699780e-001
  8.1200000e+000  4.7652232e-001
  8.1300000e+000  7.4414377e-001
  8.1400000e+000  9.1282871e-001
  8.1500000e+000  7.9256664e-001
  8.1600000e+000  5.1041081e-001
  8.1700000e+000  7.8200535e-001
  8.1800000e+000  7.2422430e-001
  8.1900000e+000  5.5762567e-001
  8.2000000e+000  6.2688707e-001
  8.2100000e+000  7.7433320e-001
  8.2200000e+000  1.0278613e+000
  8.2300000e+000  7.3939718e-001
  8.2400000e+000  5.8613222e-001
  8.2500000e+000  3.9902569e-001
  8.2600000e+000  3.9700448e-001
  8.2700000e+000  1.0249545e+000
  8.2800000e+000  1.0248842e+000
  8.2900000e+000  8.4796558e-001
  8.3000000e+000  5.6565784e-001
  8.3100000e+000  7.5979257e-001
  8.3200000e+000  1.0288274e+000
  8.3300000e+000  7.2728257e-001
  8.3400000e+000  4.7429829e-001
  8.3500000e+000  7.8459824e-001
  8.3600000e+000  6.9146904e-001
  8.3700000e+000  9.7123541e-001
  8.3800000e+000  6.7180700e-001
  8.3900000e+000  6.1829056e-001
  8.4000000e+000  6.1459385e-001
  8.4100000e+000  7.0248042e-001
  8.4200000e+000  5.4654988e-001
  8.4300000e+000  8.8577518e-001
  8.4400000e+000  8.9684996e-001
  8.4500000e+000  6.8379348e-001
  8.4600000e+000  9.5608797e-001
  8.4700000e+000  8.7591605e-001
  8.4800000e+000  7.1285152e-001
  8.4900000e+000  4.7082555e-001
  8.5000000e+000  9.7959192e-001
  8.5100000e+000  6.5675820e-001
  8.5200000e+000  4.3349337e-001
  8.5300000e+000  8.3676040e-001
  8.5400000e+000  1.0510304e+000
  8.5500000e+000  7.2234383e-001
  8.5600000e+000  5.6857883e-001
  8.5700000e+000  8.0522369e-001
  8.5800000e+000  6.5506188e-001
  8.5900000e+000  1.0218014e+000
  8.6000000e+000  4.3810307e-001
  8.6100000e+000  5.7742125e-001
  8.6200000e+000  6.9354624e-001
  8.6300000e+000  7.2992115e-001
  8.6400000e+000  6.4528080e-001
  8.6500000e+000  5.4495409e-001
  8.6600000e+000  6.0667185e-001
  8.6700000e+000  9.4665219e-001
  8.6800000e+000  7.8651839e-001
  8.6900000e+000  8.4030408e-001
  8.7000000e+000  7.5221460e-001
  8.7100000e+000  9.6780885e-001
  8.7200000e+000  8.0832690e-001
  8.7300000e+000  8.1022325e-001
  8.7400000e+000  7.8978542e-001
  8.7500000e+000  1.0356629e+000
  8.7600000e+000  5.4626168e-001
  8.7700000e+000  8.4140788e-001
  8.7800000e+000  7.9413348e-001
  8.7900000e+000  4.2360473e-001
  8.8000000e+000  5.8462314e-001
  8.8100000e+000  7.6099779e-001
  8.8200000e+000  7.1513357e-001
  8.8300000e+000  1.0462111e+000
  8.8400000e+000  8.5346003e-001
  8.8500000e+000  1.0041779e+000
  8.8600000e+000  8.5298668e-001
  8.8700000e+000  9.3755128e-001
  8.8800000e+000  9.0881280e-001
  8.8900000e+000  7.2870603e-001
  8.9000000e+000  6.3601269e-001
  8.9100000e+000  9.7514001e-001
  8.9200000e+000  8.8897990e-001
  8.9300000e+000  6.1461881e-001
  8.9400000e+000  6.6744691e-001
  8.9500000e+000  9.2491192e-001
  8.9600000e+000  8.8678302e-001
  8.9700000e+000  6.8405677e-001
  8.9800000e+000  6.3569652e-001
  8.9900000e+000  9.4360509e-001
  9.0000000e+000  7.7769459e-001
  9.0100000e+000  1.0175589e+000
  9.0200000e+000  9.0210627e-001
  9.0300000e+000  4.9294229e-001
  9.0400000e+000  7.0524296e-001
  9.0500000e+000  5.7906649e-001
  9.0600000e+000  1.0319214e+000
  9.0700000e+000  9.0423635e-001
  9.0800000e+000  6.3897849e-001
  9.0900000e+000  1.1986800e+000
  9.1000000e+000  5.7407941e-001
  9.1100000e+000  6.9858529e-001
  9.1200000e+000  7.0552679e-001
  9.1300000e+000  7.0043698e-001
  9.1400000e+000  1.0659756e+000
  9.1500000e+000  6.6614902e-001
  9.1600000e+000  7.4091942e-001
  9.1700000e+000  6.3444401e-001
  9.1800000e+000  1.2325972e+000
  9.1900000e+000  9.5658451e-001
  9.2000000e+000  8.5465170e-001
  9.2100000e+000  6.9325381e-001
  9.2200000e+000  7.1815460e-001
  9.2300000e+000  5.1951810e-001
  9.2400000e+000  7.8298978e-001
  9.2500000e+000  7.6599711e-001
  9.2600000e+000  4.7217466e-001
  9.2700000e+000  4.9157095e-001
  9.2800000e+000  1.0036599e+000
  9.2900000e+000  8.4928579e-001
  9.3000000e+000  3.4358274e-001
  9.3100000e+000  5.5680975e-001
  9.3200000e+000  8.1871639e-001
  9.3300000e+000  8.1288055e-001
  9.3400000e+000  7.0082380e-001
  9.3500000e+000  5.8123915e-001
  9.3600000e+000  7.9825173e-001
  9.3700000e+000  9.3065106e-001
  9.3800000e+000  4.8413240e-001
  9.3900000e+000  8.2339620e-001
  9.4000000e+000  1.1372124e-001
  9.4100000e+000  8.8274662e-001
  9.4200000e+000  7.1380405e-001
  9.4300000e+000  5.1526193e-001
  9.4400000e+000  7.7017518e-001
  9.4500000e+000  5.8157102e-001
  9.4600000e+000  7.6432756e-001
  9.4700000e+000  6.3494661e-001
  9.4800000e+000  9.0173596e-001
  9.4900000e+000  6.0912467e-001
  9.5000000e+000  9.1323392e-001
  9.5100000e+000  9.3243785e-001
  9.5200000e+000  7.7709764e-001
  9.5300000e+000  5.5051327e-001
  9.5400000e+000  6.6053304e-001
  9.5500000e+000  8.7299413e-001
  9.5600000e+000  9.1340573e-001
  9.5700000e+000  5.9136108e-001
  9.5800000e+000  8.1410048e-001
  9.5900000e+000  5.0238639e-001
  9.6000000e+000  8.6619056e-001
  9.6100000e+000  7.4837468e-001
  9.6200000e+000  9.5758896e-001
  9.6300000e+000  5.8356136e-001
  9.6400000e+000  6.4656091e-001
  9.6500000e+000  8.1862121e-001
  9.6600000e+000  4.7214761e-001
  9.6700000e+000  5.6272272e-001
  9.6800000e+000  9.6022812e-001
  9.6900000e+000  1.0450437e+000
  9.7000000e+000  9.3892228e-001
  9.7100000e+000  8.6077334e-001
  9.7200000e+000  8.3554920e-001
  9.7300000e+000  9.9484927e-001
  9.7400000e+000  7.5974743e-001
  9.7500000e+000  1.0204906e+000
  9.7600000e+000  5.5820432e-001
  9.7700000e+000  4.8939548e-001
  9.7800000e+000  8.1455687e-001
  9.7900000e+000  3.9382838e-001
  9.8000000e+000  5.8981316e-001
  9.8100000e+000  6.9831162e-001
  9.8200000e+000  8.4944615e-001
  9.8300000e+000  6.8856132e-001
  9.8400000e+000  7.4994213e-001
  9.8500000e+000  1.0201330e+000
  9.8600000e+000  7.7322250e-001
  9.8700000e+000  5.5383844e-001
  9.8800000e+000  1.0028155e+000
  9.8900000e+000  8.1293497e-001
  9.9000000e+000  8.5693075e-001
  9.9100000e+000  6.9087150e-001
  9.9200000e+000  6.4309386e-001
  9.9300000e+000  5.9603606e-001
  9.9400000e+000  6.2818153e-001
  9.9500000e+000  1.0591886e+000
  9.9600000e+000  6.4053036e-001
  9.9700000e+000  2.6169417e-001
  9.9800000e+000  6.8514731e-001
  9.9900000e+000  1.1364496e+000
  1.0000000e+001  5.5030258e-001
  1.0010000e+001  6.8901565e-001
  1.0020000e+001  7.5200446e-001
  1.0030000e+001  8.5102641e-001
  1.0040000e+001  6.7724396e-001
  1.0050000e+001  5.7627352e-001
  1.0060000e+001  1.1792818e+000
  1.0070000e+001  5.6608612e-001
  1.0080000e+001  8.1510641e-001
  1.0090000e+001  8.7149611e-001
  1.0100000e+001  1.0569909e+000
  1.0110000e+001  7.0089939e-001
  1.0120000e+001  1.1985764e+000
  1.0130000e+001  6.4551453e-001
  1.0140000e+001  8.3735695e-001
  1.0150000e+001  1.0201412e+000
  1.0160000e+001  8.8475130e-001
  1.0170000e+001  8.1362407e-001
  1.0180000e+001  6.8796248e-001
  1.0190000e+001  8.1650703e-001
  1.0200000e+001  8.8686088e-001
  1.0210000e+001  5.3521239e-001
  1.0220000e+001  7.6104085e-001
  1.0230000e+001  8.6811552e-001
  1.0240000e+001  5.6353100e-001
  1.0250000e+001  9.3453653e-001
  1.0260000e+001  4.5256679e-001
  1.0270000e+001  4.7445757e-001
  1.0280000e+001  8.2622500e-001
  1.0290000e+001  6.2834303e-001
  1.0300000e+001  6.0129997e-001
  1.0310000e+001  5.2495528e-001
  1.0320000e+001  4.9380759e-001
  1.0330000e+001  9.4016231e-001
  1.0340000e+001  4.6916229e-001
  1.0350000e+001  5.1629402e-001
  1.0360000e+001  9.1734000e-001
  1.0370000e+001  9.8197481e-001
  1.0380000e+001  1.0279505e+000
  1.0390000e+001  7.6909473e-001
  1.0400000e+001  4.7575132e-001
  1.0410000e+001  7.6478150e-001
  1.0420000e+001  5.8462235e-001
  1.0430000e+001  5.7765327e-001
  1.0440000e+001  4.9013941e-001
  1.0450000e+001  5.6262612e-001
  1.0460000e+001  9.2559773e-001
  1.0470000e+001  7.9717171e-001
  1.0480000e+001  9.4835888e-001
  1.0490000e+001  9.8805518e-001
  1.0500000e+001  7.8886077e-001
  1.0510000e+001  7.2299270e-001
  1.0520000e+001  6.8731247e-001
  1.0530000e+001  9.8057607e-001
  1.0540000e+001  7.2015536e-001
  1.0550000e+001  8.4573463e-001
  1.0560000e+001  6.5184101e-001
  1.0570000e+001  1.0378559e+000
  1.0580000e+001  9.4467349e-001
  1.0590000e+001  7.0222603e-001
  1.0600000e+001  6.0113925e-001
  1.0610000e+001  5.6336724e-001
  1.0620000e+001  4.5610587e-001
  1.0630000e+001  4.8498314e-001
  1.0640000e+001  5.9798625e-001
  1.0650000e+001  8.4486259e-001
  1.0660000e+001  8.1302904e-001
  1.0670000e+001  8.2935691e-001
  1.0680000e+001  5.7609030e-001
  1.0690000e+001  7.6051701e-001
  1.0700000e+001  7.5266756e-001
  1.0710000e+001  9.2226749e-001
  1.0720000e+001  9.1008380e-001
  1.0730000e+001  9.9274353e-001
  1.0740000e+001  8.4075835e-001
  1.0750000e+001  9.8865505e-001
  1.0760000e+001  5.4294064e-001
  1.0770000e+001  5.7667237e-001
  1.0780000e+001  9.2207642e-001
  1.0790000e+001  3.0671443e-001
  1.0800000e+001  8.6630709e-001
  1.0810000e+001  8.4604396e-001
  1.0820000e+001  8.7445722e-001
  1.0830000e+001  9.7004057e-001
  1.0840000e+001  7.0415368e-001
  1.0850000e+001  1.0185110e+000
  1.0860000e+001  8.9939312e-001
  1.0870000e+001  6.1549346e-001
  1.0880000e+001  7.8094906e-001
  1.0890000e+001  7.3616437e-001
  1.0900000e+001  8.3754141e-001
  1.0910000e+001  6.1249881e-001
  1.0920000e+001  2.0003090e-001
  1.0930000e+001  6.6087913e-001
  1.0940000e+001  4.4446320e-001
  1.0950000e+001  5.1784711e-001
  1.0960000e+001  9.4997378e-001
  1.0970000e+001  7.5511904e-001
  1.0980000e+001  7.9076362e-001
  1.0990000e+001  7.2527181e-001
  1.1000000e+001  7.5458458e-001
  1.1010000e+001  6.2136110e-001
  1.1020000e+001  5.5369372e-001
  1.1030000e+001  4.4763459e-001
  1.1040000e+001  8.0293756e-001
  1.1050000e+001  5.1128240e-001
  1.1060000e+001  9.8765378e-001
  1.1070000e+001  7.2458366e-001
  1.1080000e+001  6.6557874e-001
  1.1090000e+001  6.2869515e-001
  1.1100000e+001  9.2439425e-001
  1.1110000e+001  7.8240413e-001
  1.1120000e+001  4.7242239e-001
  1.1130000e+001  5.4617745e-001
  1.1140000e+001  8.8711413e-001
  1.1150000e+001  8.6765098e-001
  1.1160000e+001  9.0530453e-001
  1.1170000e+001  7.7472673e-001
  1.1180000e+001  6.6976590e-001
  1.1190000e+001  7.9803780e-001
  1.1200000e+001  3.3649097e-001
  1.1210000e+001  4.2212338e-001
  1.1220000e+001  6.0647419e-001
  1.1230000e+001  5.1157985e-001
  1.1240000e+001  1.1035215e+000
  1.1250000e+001  7.6909943e-001
  1.1260000e+001  8.4184715e-001
  1.1270000e+001  8.5081363e-001
  1.1280000e+001  8.2148208e-001
  1.1290000e+001  6.8824333e-001
  1.1300000e+001  4.0832082e-001
  1.1310000e+001  5.8413036e-001
  1.1320000e+001  5.8596146e-001
  1.1330000e+001  1.0846827e+000
  1.1340000e+001  9.1792339e-001
  1.1350000e+001  8.4026107e-001
  1.1360000e+001  6.9698742e-001
  1.1370000e+001  1.0621918e+000
  1.1380000e+001  7.6839031e-001
  1.1390000e+001  9.6722417e-001
  1.1400000e+001  3.4671180e-001
  1.1410000e+001  8.5954688e-001
  1.1420000e+001  6.9988845e-001
  1.1430000e+001  9.6118960e-001
  1.1440000e+001  1.0228883e+000
  1.1450000e+001  6.8858536e-001
  1.1460000e+001  8.9171349e-001
  1.1470000e+001  6.7104512e-001
  1.1480000e+001  9.3333291e-001
  1.1490000e+001  9.1166296e-001
  1.1500000e+001  6.0647785e-001
  1.1510000e+001  8.4330268e-001
  1.1520000e+001  8.3683453e-001
  1.1530000e+001  6.2696488e-001
  1.1540000e+001  6.7551535e-001
  1.1550000e+001  8.2150034e-001
  1.1560000e+001  8.3561345e-001
  1.1570000e+001  1.0061353e+000
  1.1580000e+001  6.9642494e-001
  1.1590000e+001  1.0438224e+000
  1.1600000e+001  8.0166729e-001
  1.1610000e+001  6.7017387e-001
  1.1620000e+001  7.6345940e-001
  1.1630000e+001  9.3007646e-001
  1.1640000e+001  9.0978310e-001
  1.1650000e+001  4.6739748e-001
  1.1660000e+001  8.1997176e-001
  1.1670000e+001  1.2029347e+000
  1.1680000e+001  4.8974469e-001
  1.1690000e+001  8.2230405e-001
  1.1700000e+001  7.3886134e-001
  1.1710000e+001  6.3626433e-001
  1.1720000e+001  5.7563544e-001
  1.1730000e+001  6.8405164e-001
  1.1740000e+001  9.5479146e-001
  1.1750000e+001  8.9344599e-001
  1.1760000e+001  1.0302353e+000
  1.1770000e+001  7.0362663e-001
  1.1780000e+001  1.0837443e+000
  1.1790000e+001  9.3183554e-001
  1.1800000e+001  1.0179615e+000
  1.1810000e+001  1.0353645e+000
  1.1820000e+001  5.2537338e-001
  1.1830000e+001  6.3327470e-001
  1.1840000e+001  9.5536009e-001
  1.1850000e+001  1.0118232e+000
  1.1860000e+001  6.8912966e-001
  1.1870000e+001  7.8652965e-001
  1.1880000e+001  8.6634539e-001
  1.1890000e+001  6.9916063e-001
  1.1900000e+001  3.8450818e-001
  1.1910000e+001  7.3476648e-001
  1.1920000e+001  8.0311212e-001
  1.1930000e+001  8.1365766e-001
  1.1940000e+001  7.1722626e-001
  1.1950000e+001  6.7759373e-001
  1.1960000e+001  6.7437028e-001
  1.1970000e+001  7.6166346e-001
  1.1980000e+001  9.1864280e-001
  1.1990000e+001  5.7320258e-001
  1.2000000e+001  8.8356721e-001
  1.2010000e+001  1.0730425e+000
  1.2020000e+001  7.4566525e-001
  1.2030000e+001  9.7828284e-001
  1.2040000e+001  7.2938857e-001
  1.2050000e+001  7.9581355e-001
  1.2060000e+001  7.9650467e-001
  1.2070000e+001  8.9674186e-001
  1.2080000e+001  8.3251389e-001
  1.2090000e+001  8.8531938e-001
  1.2100000e+001  5.6658986e-001
  1.2110000e+001  4.5802758e-001
  1.2120000e+001  6.6862821e-001
  1.2130000e+001  7.8746413e-001
  1.2140000e+001  8.4128404e-001
  1.2150000e+001  8.9150096e-001
  1.2160000e+001  1.3622908e+000
  1.2170000e+001  5.4635817e-001
  1.2180000e+001  8.1017196e-001
  1.2190000e+001  7.4000532e-001
  1.2200000e+001  4.6697909e-001
  1.2210000e+001  6.6957175e-001
  1.2220000e+001  5.3480162e-001
  1.2230000e+001  6.1837974e-001
  1.2240000e+001  8.3454479e-001
  1.2250000e+001  6.8321614e-001
  1.2260000e+001  3.6739082e-001
  1.2270000e+001  7.3985903e-001
  1.2280000e+001  4.3116414e-001
  1.2290000e+001  4.7640465e-001
  1.2300000e+001  6.9605825e-001
  1.2310000e+001  6.8020148e-001
  1.2320000e+001  7.9227268e-001
  1.2330000e+001  7.6923093e-001
  1.2340000e+001  7.1028075e-001
  1.2350000e+001  5.7587547e-001
  1.2360000e+001  6.7753554e-001
  1.2370000e+001  4.9951906e-001
  1.2380000e+001  7.6096662e-001
  1.2390000e+001  8.3276914e-001
  1.2400000e+001  9.5827198e-001
  1.2410000e+001  9.5715492e-001
  1.2420000e+001  6.2578677e-001
  1.2430000e+001  6.0782206e-001
  1.2440000e+001  4.3465289e-001
  1.2450000e+001  6.6141006e-001
  1.2460000e+001  1.0016765e+000
  1.2470000e+001  5.7792531e-001
  1.2480000e+001  9.0966336e-001
  1.2490000e+001  1.0169430e+000
  1.2500000e+001  8.4825406e-001
