  0.0000000e+000 -1.3453246e-001
  1.0000000e-002 -1.8681626e-001
  2.0000000e-002 -1.8297381e-001
  3.0000000e-002  6.2550681e-002
  4.0000000e-002  2.8698759e-002
  5.0000000e-002 -1.9010311e-001
  6.0000000e-002 -2.7359379e-001
  7.0000000e-002 -2.1394304e-001
  8.0000000e-002 -3.9982719e-002
  9.0000000e-002 -2.3395067e-001
  1.0000000e-001 -1.6055417e-001
  1.1000000e-001 -1.9483061e-001
  1.2000000e-001 -3.8501506e-002
  1.3000000e-001 -3.4365076e-001
  1.4000000e-001  1.9926117e-001
  1.5000000e-001 -8.2187760e-002
  1.6000000e-001  8.2214164e-002
  1.7000000e-001 -2.2232501e-001
  1.8000000e-001  2.7933620e-002
  1.9000000e-001 -1.5971639e-001
  2.0000000e-001  1.4388924e-001
  2.1000000e-001 -3.9236423e-001
  2.2000000e-001  9.6362478e-002
  2.3000000e-001 -2.1368062e-001
  2.4000000e-001 -2.6668117e-001
  2.5000000e-001 -1.2418814e-001
  2.6000000e-001 -2.5482468e-001
  2.7000000e-001  5.8427332e-003
  2.8000000e-001  2.1118995e-002
  2.9000000e-001  1.6780185e-001
  3.0000000e-001 -3.2065935e-001
  3.1000000e-001 -2.6958979e-001
  3.2000000e-001 -1.3930536e-001
  3.3000000e-001 -7.0519075e-002
  3.4000000e-001  4.3448679e-003
  3.5000000e-001 -4.2241880e-001
  3.6000000e-001 -2.1912963e-001
  3.7000000e-001 -5.0568698e-001
  3.8000000e-001 -5.8447899e-001
  3.9000000e-001 -2.7167205e-001
  4.0000000e-001  1.2402487e-001
  4.1000000e-001 -2.9021732e-001
  4.2000000e-001 -3.5259987e-001
  4.3000000e-001  1.1733256e-001
  4.4000000e-001 -2.3986553e-001
  4.5000000e-001 -8.3621855e-002
  4.6000000e-001  2.0893647e-001
  4.7000000e-001 -3.9633204e-001
  4.8000000e-001 -2.0503585e-001
  4.9000000e-001  1.9413036e-002
  5.0000000e-001 -5.1887941e-001
  5.1000000e-001 -2.9849267e-001
  5.2000000e-001  2.2784010e-001
  5.3000000e-001 -1.3437868e-001
  5.4000000e-001 -6.8261514e-002
  5.5000000e-001 -4.5231972e-001
  5.6000000e-001 -4.0309437e-001
  5.7000000e-001  7.9515048e-002
  5.8000000e-001 -1.3654956e-002
  5.9000000e-001 -3.9678557e-001
  6.0000000e-001 -2.8347848e-002
  6.1000000e-001 -1.0601876e-001
  6.2000000e-001 -2.0796206e-001
  6.3000000e-001 -2.4678478e-001
  6.4000000e-001  2.1527000e-002
  6.5000000e-001 -6.1267131e-001
  6.6000000e-001 -3.8163498e-001
  6.7000000e-001  3.4542878e-001
  6.8000000e-001 -3.5528037e-001
  6.9000000e-001 -3.4716484e-001
  7.0000000e-001 -1.5796663e-001
  7.1000000e-001 -9.3781321e-002
  7.2000000e-001 -3.2935964e-001
  7.3000000e-001 -1.0844164e-001
  7.4000000e-001 -2.8182503e-001
  7.5000000e-001 -3.2848147e-001
  7.6000000e-001 -5.4320334e-001
  7.7000000e-001  2.7505666e-002
  7.8000000e-001 -1.8181138e-001
  7.9000000e-001 -1.4870209e-001
  8.0000000e-001 -4.0274154e-001
  8.1000000e-001  1.1829774e-001
  8.2000000e-001 -1.7425157e-001
  8.3000000e-001 -4.1259304e-001
  8.4000000e-001  2.0875045e-001
  8.5000000e-001 -2.2174435e-001
  8.6000000e-001  5.1833513e-002
  8.7000000e-001 -7.5593086e-002
  8.8000000e-001 -1.5398576e-001
  8.9000000e-001 -2.1459506e-001
  9.0000000e-001  5.3109797e-001
  9.1000000e-001 -1.4095664e-001
  9.2000000e-001  1.8463362e-001
  9.3000000e-001  3.8771724e-002
  9.4000000e-001 -2.1622849e-001
  9.5000000e-001 -1.3439924e-001
  9.6000000e-001 -7.6355248e-002
  9.7000000e-001  1.1606262e-001
  9.8000000e-001 -5.3478215e-001
  9.9000000e-001 -3.1086190e-001
  1.0000000e+000 -1.4173465e-001
  1.0100000e+000 -1.5175821e-001
  1.0200000e+000 -1.4441424e-001
  1.0300000e+000 -2.2784182e-001
  1.0400000e+000 -2.6901345e-001
  1.0500000e+000 -4.7425206e-001
  1.0600000e+000 -2.0365394e-002
  1.0700000e+000 -2.0400517e-001
  1.0800000e+000 -2.2807704e-001
  1.0900000e+000  9.9437653e-002
  1.1000000e+000 -3.4771744e-002
  1.1100000e+000 -7.7537918e-002
  1.1200000e+000  3.2066059e-001
  1.1300000e+000 -9.8986535e-002
  1.1400000e+000  4.4099167e-002
  1.1500000e+000 -4.7809296e-001
  1.1600000e+000 -9.5544141e-002
  1.1700000e+000 -2.4681418e-001
  1.1800000e+000  1.4659872e-001
  1.1900000e+000 -4.5651927e-001
  1.2000000e+000  2.0615614e-001
  1.2100000e+000 -1.4195727e-001
  1.2200000e+000 -1.0321009e-002
  1.2300000e+000 -7.6028744e-002
  1.2400000e+000 -3.7875095e-001
  1.2500000e+000 -2.8474171e-001
  1.2600000e+000 -1.9002990e-001
  1.2700000e+000  3.1527503e-001
  1.2800000e+000  6.6796529e-002
  1.2900000e+000  1.0655888e-001
  1.3000000e+000  1.9820723e-002
  1.3100000e+000  2.4518187e-001
  1.3200000e+000  1.6340588e-002
  1.3300000e+000  6.8445643e-002
  1.3400000e+000 -2.5647753e-001
  1.3500000e+000 -4.7517753e-002
  1.3600000e+000  8.8169040e-002
  1.3700000e+000  2.4641217e-001
  1.3800000e+000 -1.1498169e-001
  1.3900000e+000 -6.4699635e-002
  1.4000000e+000 -2.4177557e-002
  1.4100000e+000 -2.6143290e-001
  1.4200000e+000  3.0517972e-001
  1.4300000e+000  1.9484124e-001
  1.4400000e+000  8.7650081e-002
  1.4500000e+000  3.3436197e-002
  1.4600000e+000  7.7479144e-002
  1.4700000e+000  9.9244705e-002
  1.4800000e+000 -2.8540644e-002
  1.4900000e+000 -3.1919062e-001
  1.5000000e+000  2.1696612e-001
  1.5100000e+000  2.5213221e-001
  1.5200000e+000 -8.8814517e-002
  1.5300000e+000  2.8714872e-001
  1.5400000e+000 -6.1824613e-002
  1.5500000e+000  1.0667776e-001
  1.5600000e+000  2.2691143e-001
  1.5700000e+000 -4.6508386e-002
  1.5800000e+000  3.7875525e-002
  1.5900000e+000  1.7818361e-001
  1.6000000e+000 -5.4561490e-002
  1.6100000e+000  5.8191050e-001
  1.6200000e+000  8.5762253e-002
  1.6300000e+000  1.2159982e-001
  1.6400000e+000  2.2722997e-001
  1.6500000e+000  3.7964268e-001
  1.6600000e+000  1.9832853e-001
  1.6700000e+000  5.6348511e-001
  1.6800000e+000 -8.8335922e-002
  1.6900000e+000 -1.4694493e-001
  1.7000000e+000  4.6195279e-001
  1.7100000e+000  6.5919382e-001
  1.7200000e+000  2.0661651e-001
  1.7300000e+000 -7.1340056e-002
  1.7400000e+000  1.2146046e-001
  1.7500000e+000  2.6307515e-001
  1.7600000e+000  3.4567717e-001
  1.7700000e+000 -1.0284786e-001
  1.7800000e+000  2.9851116e-001
  1.7900000e+000  2.8064917e-001
  1.8000000e+000  3.6208162e-001
  1.8100000e+000  2.7010625e-001
  1.8200000e+000  2.3820136e-001
  1.8300000e+000  3.3935493e-001
  1.8400000e+000  2.1408437e-001
  1.8500000e+000  5.1215897e-001
  1.8600000e+000  4.6581333e-001
  1.8700000e+000  1.0962425e-001
  1.8800000e+000 -1.2896486e-001
  1.8900000e+000  4.2376011e-001
  1.9000000e+000  2.2061502e-001
  1.9100000e+000  1.5623968e-001
  1.9200000e+000  2.6712779e-001
  1.9300000e+000  2.7158377e-001
  1.9400000e+000  7.3278165e-002
  1.9500000e+000  2.2076446e-001
  1.9600000e+000  2.0736113e-001
  1.9700000e+000 -1.2329824e-001
  1.9800000e+000  4.7134993e-001
  1.9900000e+000  1.3142147e-001
  2.0000000e+000  1.6183265e-001
  2.0100000e+000  1.6478243e-001
  2.0200000e+000  5.0647978e-001
  2.0300000e+000  3.4515054e-001
  2.0400000e+000  5.6204948e-001
  2.0500000e+000  3.4876772e-001
  2.0600000e+000  7.7246269e-001
  2.0700000e+000 -1.0212292e-001
  2.0800000e+000  7.9522875e-001
  2.0900000e+000  3.7079175e-001
  2.1000000e+000  4.6585222e-001
  2.1100000e+000  3.9043329e-001
  2.1200000e+000  8.2230254e-001
  2.1300000e+000  1.5379595e-001
  2.1400000e+000  1.9072753e-001
  2.1500000e+000  6.2095810e-001
  2.1600000e+000  3.6815364e-001
  2.1700000e+000  4.9260232e-001
  2.1800000e+000  5.5284352e-001
  2.1900000e+000  2.5232403e-001
  2.2000000e+000  5.8414123e-001
  2.2100000e+000 -7.1195875e-003
  2.2200000e+000  3.9515184e-001
  2.2300000e+000  3.6121007e-001
  2.2400000e+000  3.8925827e-001
  2.2500000e+000  3.7756858e-001
  2.2600000e+000  2.9647523e-001
  2.2700000e+000  6.6499737e-001
  2.2800000e+000  4.1379568e-001
  2.2900000e+000  4.5977124e-001
  2.3000000e+000  4.8307014e-001
  2.3100000e+000  3.0432429e-001
  2.3200000e+000  2.1982916e-001
  2.3300000e+000  3.8961674e-001
  2.3400000e+000  7.1164239e-001
  2.3500000e+000  3.3220811e-001
  2.3600000e+000  7.4442367e-001
  2.3700000e+000  7.6631090e-001
  2.3800000e+000  7.7874532e-001
  2.3900000e+000  6.8521378e-001
  2.4000000e+000  6.7897912e-001
  2.4100000e+000  4.6117339e-001
  2.4200000e+000  8.5250569e-001
  2.4300000e+000  6.1584981e-001
  2.4400000e+000  6.4664957e-001
  2.4500000e+000  2.5369803e-001
  2.4600000e+000  3.5705415e-001
  2.4700000e+000  7.9978138e-001
  2.4800000e+000  4.9162931e-001
  2.4900000e+000  6.6584052e-001
  2.5000000e+000  5.4799073e-001
  2.5100000e+000 -6.1828901e-002
  2.5200000e+000  6.1563042e-001
  2.5300000e+000  7.5900639e-002
  2.5400000e+000  3.5993921e-001
  2.5500000e+000  3.5754701e-001
  2.5600000e+000  7.2516493e-001
  2.5700000e+000  5.7126436e-001
  2.5800000e+000  7.4364965e-001
  2.5900000e+000  6.7293613e-001
  2.6000000e+000  5.2417236e-001
  2.6100000e+000  4.7960223e-001
  2.6200000e+000  4.2449697e-001
  2.6300000e+000  6.3801569e-001
  2.6400000e+000  3.8433397e-001
  2.6500000e+000  6.6461582e-001
  2.6600000e+000  7.3921249e-001
  2.6700000e+000  6.7775189e-001
  2.6800000e+000  6.5633734e-001
  2.6900000e+000  6.3223895e-001
  2.7000000e+000  1.0621707e+000
  2.7100000e+000  4.9853121e-002
  2.7200000e+000  1.1122097e+000
  2.7300000e+000  8.8840301e-001
  2.7400000e+000  1.0044527e+000
  2.7500000e+000  5.7991218e-001
  2.7600000e+000  1.1517361e+000
  2.7700000e+000  8.7349448e-001
  2.7800000e+000  6.9160047e-001
  2.7900000e+000  5.1024690e-001
  2.8000000e+000  7.2642791e-001
  2.8100000e+000  7.6398455e-001
  2.8200000e+000  7.5919096e-001
  2.8300000e+000  8.3874130e-001
  2.8400000e+000  4.3830497e-001
  2.8500000e+000  5.9340054e-001
  2.8600000e+000  8.1838309e-001
  2.8700000e+000  7.1162535e-001
  2.8800000e+000  8.9983888e-001
  2.8900000e+000  5.2563406e-001
  2.9000000e+000  6.8897776e-001
  2.9100000e+000  5.2022289e-001
  2.9200000e+000  8.1053592e-001
  2.9300000e+000  7.1238960e-001
  2.9400000e+000  7.4892879e-001
  2.9500000e+000  1.0225609e+000
  2.9600000e+000  7.5850490e-001
  2.9700000e+000  8.7098154e-001
  2.9800000e+000  5.9196127e-001
  2.9900000e+000  8.6308458e-001
  3.0000000e+000  1.2013088e+000
  3.0100000e+000  7.9490007e-001
  3.0200000e+000  7.8549273e-001
  3.0300000e+000  6.5099338e-001
  3.0400000e+000  7.6611083e-001
  3.0500000e+000  7.3286690e-001
  3.0600000e+000  5.8610050e-001
  3.0700000e+000  1.0989463e+000
  3.0800000e+000  3.9931343e-001
  3.0900000e+000  1.0297301e+000
  3.1000000e+000  5.6929638e-001
  3.1100000e+000  6.0012631e-001
  3.1200000e+000  1.0527264e+000
  3.1300000e+000  7.3822520e-001
  3.1400000e+000  7.4961096e-001
  3.1500000e+000  6.8276261e-001
  3.1600000e+000  7.7353696e-001
  3.1700000e+000  8.4414447e-001
  3.1800000e+000  5.7832004e-001
  3.1900000e+000  8.3206406e-001
  3.2000000e+000  8.6383011e-001
  3.2100000e+000  6.2771935e-001
  3.2200000e+000  5.3392112e-001
  3.2300000e+000  4.8633583e-001
  3.2400000e+000  1.2600654e+000
  3.2500000e+000  6.6656653e-001
  3.2600000e+000  1.0390443e+000
  3.2700000e+000  7.9292338e-001
  3.2800000e+000  6.8007078e-001
  3.2900000e+000  8.6993722e-001
  3.3000000e+000  8.6469168e-001
  3.3100000e+000  7.5713714e-001
  3.3200000e+000  1.1935179e+000
  3.3300000e+000  8.6260502e-001
  3.3400000e+000  4.7247871e-001
  3.3500000e+000  1.1744877e+000
  3.3600000e+000  7.7179386e-001
  3.3700000e+000  9.8465137e-001
  3.3800000e+000  8.8543520e-001
  3.3900000e+000  6.0147534e-001
  3.4000000e+000  3.2032700e-001
  3.4100000e+000  1.1349357e+000
  3.4200000e+000  8.8854878e-001
  3.4300000e+000  7.0336553e-001
  3.4400000e+000  5.1070999e-001
  3.4500000e+000  1.0656428e+000
  3.4600000e+000  8.2348989e-001
  3.4700000e+000  6.0307937e-001
  3.4800000e+000  9.0051877e-001
  3.4900000e+000  8.7654190e-001
  3.5000000e+000  1.2656434e+000
  3.5100000e+000  1.1219252e+000
  3.5200000e+000  6.8193135e-001
  3.5300000e+000  7.4504356e-001
  3.5400000e+000  5.7293544e-001
  3.5500000e+000  6.2746466e-001
  3.5600000e+000  8.7640212e-001
  3.5700000e+000  9.4895386e-001
  3.5800000e+000  8.0190657e-001
  3.5900000e+000  9.7485091e-001
  3.6000000e+000  8.7055950e-001
  3.6100000e+000  7.0350352e-001
  3.6200000e+000  9.3995812e-001
  3.6300000e+000  7.1989661e-001
  3.6400000e+000  9.7727931e-001
  3.6500000e+000  6.4506661e-001
  3.6600000e+000  6.5306613e-001
  3.6700000e+000  8.6820668e-001
  3.6800000e+000  1.1477957e+000
  3.6900000e+000  9.3091870e-001
  3.7000000e+000  7.7958650e-001
  3.7100000e+000  9.4258317e-001
  3.7200000e+000  1.2333558e+000
  3.7300000e+000  1.0022981e+000
  3.7400000e+000  8.2145392e-001
  3.7500000e+000  1.1083566e+000
  3.7600000e+000  6.3602313e-001
  3.7700000e+000  7.4758409e-001
  3.7800000e+000  8.3241043e-001
  3.7900000e+000  4.1937729e-001
  3.8000000e+000  1.2422625e+000
  3.8100000e+000  1.0635980e+000
  3.8200000e+000  1.0471002e+000
  3.8300000e+000  6.7406087e-001
  3.8400000e+000  6.8569071e-001
  3.8500000e+000  6.2944916e-001
  3.8600000e+000  9.3261245e-001
  3.8700000e+000  1.2695482e+000
  3.8800000e+000  8.5347657e-001
  3.8900000e+000  9.0318089e-001
  3.9000000e+000  1.0586739e+000
  3.9100000e+000  8.9774278e-001
  3.9200000e+000  7.6117344e-001
  3.9300000e+000  9.6281819e-001
  3.9400000e+000  6.4306757e-001
  3.9500000e+000  9.8413608e-001
  3.9600000e+000  9.5821307e-001
  3.9700000e+000  8.4017269e-001
  3.9800000e+000  8.9541759e-001
  3.9900000e+000  1.1781343e+000
  4.0000000e+000  1.3384527e+000
  4.0100000e+000  1.0972708e+000
  4.0200000e+000  1.1335349e+000
  4.0300000e+000  1.1970294e+000
  4.0400000e+000  9.7607195e-001
  4.0500000e+000  6.9392633e-001
  4.0600000e+000  9.9918469e-001
  4.0700000e+000  1.3063423e+000
  4.0800000e+000  8.5964186e-001
  4.0900000e+000  7.5996615e-001
  4.1000000e+000  1.0630319e+000
  4.1100000e+000  5.3681928e-001
  4.1200000e+000  7.1275191e-001
  4.1300000e+000  3.2541117e-001
  4.1400000e+000  1.0928585e+000
  4.1500000e+000  7.4726341e-001
  4.1600000e+000  9.7965642e-001
  4.1700000e+000  1.0187973e+000
  4.1800000e+000  9.0706366e-001
  4.1900000e+000  8.0731591e-001
  4.2000000e+000  1.1223103e+000
  4.2100000e+000  1.1066831e+000
  4.2200000e+000  8.2884566e-001
  4.2300000e+000  7.1636069e-001
  4.2400000e+000  9.5132202e-001
  4.2500000e+000  8.6994425e-001
  4.2600000e+000  1.0418934e+000
  4.2700000e+000  4.6703454e-001
  4.2800000e+000  1.0847525e+000
  4.2900000e+000  8.3003590e-001
  4.3000000e+000  3.1553407e-001
  4.3100000e+000  9.2872817e-001
  4.3200000e+000  7.8429736e-001
  4.3300000e+000  9.8600343e-001
  4.3400000e+000  1.0005638e+000
  4.3500000e+000  3.0022169e-001
  4.3600000e+000  1.2953582e+000
  4.3700000e+000  1.2577826e+000
  4.3800000e+000  7.7389505e-001
  4.3900000e+000  1.1443761e+000
  4.4000000e+000  7.4405813e-001
  4.4100000e+000  1.1517204e+000
  4.4200000e+000  1.1855222e+000
  4.4300000e+000  6.8491646e-001
  4.4400000e+000  7.1432714e-001
  4.4500000e+000  9.2128828e-001
  4.4600000e+000  6.4665043e-001
  4.4700000e+000  1.1323267e+000
  4.4800000e+000  8.9042691e-001
  4.4900000e+000  6.8542825e-001
  4.5000000e+000  8.3614716e-001
  4.5100000e+000  1.2358965e+000
  4.5200000e+000  7.2851432e-001
  4.5300000e+000  4.5749931e-001
  4.5400000e+000  8.5665075e-001
  4.5500000e+000  1.1530425e+000
  4.5600000e+000  6.8259845e-001
  4.5700000e+000  7.5744171e-001
  4.5800000e+000  8.8952177e-001
  4.5900000e+000  1.4297906e+000
  4.6000000e+000  9.3605668e-001
  4.6100000e+000  9.3731074e-001
  4.6200000e+000  1.0538560e+000
  4.6300000e+000  1.3030619e+000
  4.6400000e+000  8.5092617e-001
  4.6500000e+000  7.2081322e-001
  4.6600000e+000  9.3797439e-001
  4.6700000e+000  8.5110206e-001
  4.6800000e+000  1.2167918e+000
  4.6900000e+000  1.0040101e+000
  4.7000000e+000  6.9272750e-001
  4.7100000e+000  9.5035302e-001
  4.7200000e+000  9.9020518e-001
  4.7300000e+000  1.1009313e+000
  4.7400000e+000  6.3131614e-001
  4.7500000e+000  6.3163239e-001
  4.7600000e+000  1.0679564e+000
  4.7700000e+000  1.1971159e+000
  4.7800000e+000  6.6253504e-001
  4.7900000e+000  6.3945839e-001
  4.8000000e+000  9.0721627e-001
  4.8100000e+000  6.1550792e-001
  4.8200000e+000  8.4307250e-001
  4.8300000e+000  7.5623783e-001
  4.8400000e+000  1.1002411e+000
  4.8500000e+000  9.3774213e-001
  4.8600000e+000  9.8242914e-001
  4.8700000e+000  1.1826767e+000
  4.8800000e+000  7.5339981e-001
  4.8900000e+000  1.0168644e+000
  4.9000000e+000  7.7682060e-001
  4.9100000e+000  1.0777655e+000
  4.9200000e+000  6.1363499e-001
  4.9300000e+000  6.4580775e-001
  4.9400000e+000  8.7748392e-001
  4.9500000e+000  9.9274343e-001
  4.9600000e+000  8.7416490e-001
  4.9700000e+000  8.7789002e-001
  4.9800000e+000  4.0061339e-001
  4.9900000e+000  8.5574533e-001
  5.0000000e+000  9.7763683e-001
  5.0100000e+000  1.1426239e+000
  5.0200000e+000  4.9169296e-001
  5.0300000e+000  8.5332011e-001
  5.0400000e+000  9.0694481e-001
  5.0500000e+000  8.8307613e-001
  5.0600000e+000  9.2164330e-001
  5.0700000e+000  1.0331532e+000
  5.0800000e+000  1.0884308e+000
  5.0900000e+000  1.1196659e+000
  5.1000000e+000  7.2787725e-001
  5.1100000e+000  1.1810352e+000
  5.1200000e+000  8.0074951e-001
  5.1300000e+000  8.3074311e-001
  5.1400000e+000  1.0237543e+000
  5.1500000e+000  1.1007278e+000
  5.1600000e+000  5.6098924e-001
  5.1700000e+000  5.6895586e-001
  5.1800000e+000  7.8380648e-001
  5.1900000e+000  9.4608979e-001
  5.2000000e+000  1.0260916e+000
  5.2100000e+000  6.6033118e-001
  5.2200000e+000  5.4066399e-001
  5.2300000e+000  6.0551267e-001
  5.2400000e+000  8.2635776e-001
  5.2500000e+000  9.9605541e-001
  5.2600000e+000  6.2281559e-001
  5.2700000e+000  7.0112355e-001
  5.2800000e+000  7.4048031e-001
  5.2900000e+000  1.0765604e+000
  5.3000000e+000  9.8902689e-001
  5.3100000e+000  1.0609516e+000
  5.3200000e+000  9.4005393e-001
  5.3300000e+000  7.5229887e-001
  5.3400000e+000  9.9561376e-001
  5.3500000e+000  7.4606079e-001
  5.3600000e+000  1.2225984e+000
  5.3700000e+000  1.0096786e+000
  5.3800000e+000  1.1374642e+000
  5.3900000e+000  8.7019123e-001
  5.4000000e+000  9.9900001e-001
  5.4100000e+000  9.0811926e-001
  5.4200000e+000  4.6001938e-001
  5.4300000e+000  9.3169222e-001
  5.4400000e+000  8.3474200e-001
  5.4500000e+000  7.0500524e-001
  5.4600000e+000  9.4491993e-001
  5.4700000e+000  3.9569909e-001
  5.4800000e+000  7.9270449e-001
  5.4900000e+000  8.7279845e-001
  5.5000000e+000  5.8655552e-001
  5.5100000e+000  5.5116451e-001
  5.5200000e+000  9.1786067e-001
  5.5300000e+000  9.9327570e-001
  5.5400000e+000  7.2853947e-001
  5.5500000e+000  9.6116925e-001
  5.5600000e+000  8.7787182e-001
  5.5700000e+000  6.5409082e-001
  5.5800000e+000  8.4234774e-001
  5.5900000e+000  4.7612181e-001
  5.6000000e+000  8.7779232e-001
  5.6100000e+000  6.8206489e-001
  5.6200000e+000  5.4183990e-001
  5.6300000e+000  5.9294175e-001
  5.6400000e+000  8.2393536e-001
  5.6500000e+000  7.8917569e-001
  5.6600000e+000  1.0063736e+000
  5.6700000e+000  1.1092006e+000
  5.6800000e+000  1.3661178e+000
  5.6900000e+000  1.2186042e+000
  5.7000000e+000  5.0311871e-001
  5.7100000e+000  8.0713506e-001
  5.7200000e+000  1.1334525e+000
  5.7300000e+000  4.1388938e-001
  5.7400000e+000  9.6635784e-001
  5.7500000e+000  7.4899723e-001
  5.7600000e+000  7.5343212e-001
  5.7700000e+000  1.0621915e+000
  5.7800000e+000  9.6274623e-001
  5.7900000e+000  1.1876569e+000
  5.8000000e+000  8.2588913e-001
  5.8100000e+000  9.1446466e-001
  5.8200000e+000  6.7427334e-001
  5.8300000e+000  1.1244610e+000
  5.8400000e+000  1.0473598e+000
  5.8500000e+000  9.1095372e-001
  5.8600000e+000  6.2017461e-001
  5.8700000e+000  6.5928820e-001
  5.8800000e+000  7.4705261e-001
  5.8900000e+000  8.2616179e-001
  5.9000000e+000  1.0036688e+000
  5.9100000e+000  6.6923539e-001
  5.9200000e+000  6.1101792e-001
  5.9300000e+000  1.2728154e+000
  5.9400000e+000  8.3978775e-001
  5.9500000e+000  8.9999864e-001
  5.9600000e+000  1.0822677e+000
  5.9700000e+000  6.4050274e-001
  5.9800000e+000  8.6914395e-001
  5.9900000e+000  1.1577289e+000
  6.0000000e+000  8.2909898e-001
  6.0100000e+000  8.9659939e-001
  6.0200000e+000  1.0400193e+000
  6.0300000e+000  1.0014937e+000
  6.0400000e+000  9.1155397e-001
  6.0500000e+000  1.0452671e+000
  6.0600000e+000  9.1535218e-001
  6.0700000e+000  8.8167206e-001
  6.0800000e+000  1.3208023e+000
  6.0900000e+000  5.2936849e-001
  6.1000000e+000  5.9354042e-001
  6.1100000e+000  3.5938508e-001
  6.1200000e+000  8.7860981e-001
  6.1300000e+000  4.8663033e-001
  6.1400000e+000  7.1633759e-001
  6.1500000e+000  6.1071172e-001
  6.1600000e+000  6.1215992e-001
  6.1700000e+000  7.0513037e-001
  6.1800000e+000  8.6621925e-001
  6.1900000e+000  8.7133559e-001
  6.2000000e+000  7.4826661e-001
  6.2100000e+000  7.8206936e-001
  6.2200000e+000  1.0102825e+000
  6.2300000e+000  6.7734481e-001
  6.2400000e+000  8.1857554e-001
  6.2500000e+000  9.2062114e-001
  6.2600000e+000  9.6694956e-001
  6.2700000e+000  1.0186240e+000
  6.2800000e+000  7.4474072e-001
  6.2900000e+000  5.1470383e-001
  6.3000000e+000  9.6758807e-001
  6.3100000e+000  6.0509762e-001
  6.3200000e+000  6.1941495e-001
  6.3300000e+000  7.8278081e-001
  6.3400000e+000  5.6828663e-001
  6.3500000e+000  5.7440088e-001
  6.3600000e+000  6.8270484e-001
  6.3700000e+000  6.0804308e-001
  6.3800000e+000  6.6458340e-001
  6.3900000e+000  8.6060748e-001
  6.4000000e+000  1.0032738e+000
  6.4100000e+000  9.3693610e-001
  6.4200000e+000  5.4262600e-001
  6.4300000e+000  8.9884259e-001
  6.4400000e+000  5.9868973e-001
  6.4500000e+000  9.9559530e-001
  6.4600000e+000  7.4319558e-001
  6.4700000e+000  5.6757452e-001
  6.4800000e+000  1.0152132e+000
  6.4900000e+000  4.7336291e-001
  6.5000000e+000  3.5232268e-001
  6.5100000e+000  7.1601919e-001
  6.5200000e+000  7.4031991e-001
  6.5300000e+000  3.8631366e-001
  6.5400000e+000  7.2153199e-001
  6.5500000e+000  6.7506911e-001
  6.5600000e+000  1.2888901e+000
  6.5700000e+000  4.4180061e-001
  6.5800000e+000  8.0361120e-001
  6.5900000e+000  5.9912222e-001
  6.6000000e+000  1.1267705e+000
  6.6100000e+000  1.1693802e+000
  6.6200000e+000  8.0388394e-001
  6.6300000e+000  7.3501605e-001
  6.6400000e+000  6.9419581e-001
  6.6500000e+000  4.5710351e-001
  6.6600000e+000  9.4865089e-001
  6.6700000e+000  6.6542940e-001
  6.6800000e+000  6.7636160e-001
  6.6900000e+000  6.8089317e-001
  6.7000000e+000  6.8394212e-001
  6.7100000e+000  8.7053969e-001
  6.7200000e+000  9.8844159e-001
  6.7300000e+000  3.3132736e-001
  6.7400000e+000  9.3291437e-001
  6.7500000e+000  9.2604600e-001
  6.7600000e+000  9.1190248e-001
  6.7700000e+000  9.5839276e-001
  6.7800000e+000  1.2981808e+000
  6.7900000e+000  6.3245552e-001
  6.8000000e+000  7.8978339e-001
  6.8100000e+000  6.8171675e-001
  6.8200000e+000  6.2391115e-001
  6.8300000e+000  9.6231505e-001
  6.8400000e+000  8.0920907e-001
  6.8500000e+000  7.2840138e-001
  6.8600000e+000  7.3460669e-001
  6.8700000e+000  7.5063034e-001
  6.8800000e+000  9.4755545e-001
  6.8900000e+000  8.0631201e-001
  6.9000000e+000  6.0581510e-001
  6.9100000e+000  5.6778324e-001
  6.9200000e+000  5.5761547e-001
  6.9300000e+000  8.5523054e-001
  6.9400000e+000  6.4897853e-001
  6.9500000e+000  7.1395608e-001
  6.9600000e+000  3.3189067e-001
  6.9700000e+000  6.3633520e-001
  6.9800000e+000  8.8514497e-001
  6.9900000e+000  7.0558546e-001
  7.0000000e+000  1.0162145e+000
  7.0100000e+000  8.4335968e-001
  7.0200000e+000  1.1357714e+000
  7.0300000e+000  9.4358424e-001
  7.0400000e+000  3.9569834e-001
  7.0500000e+000  1.9049676e-001
  7.0600000e+000  6.3163263e-001
  7.0700000e+000  9.9858301e-001
  7.0800000e+000  1.1662375e+000
  7.0900000e+000  1.0730782e+000
  7.1000000e+000  6.8936866e-001
  7.1100000e+000  5.8345761e-001
  7.1200000e+000  8.8878243e-001
  7.1300000e+000  5.8088551e-001
  7.1400000e+000  7.1035243e-001
  7.1500000e+000  5.1031632e-001
  7.1600000e+000  6.1124410e-001
  7.1700000e+000  2.5331303e-001
  7.1800000e+000  7.1516146e-001
  7.1900000e+000  7.8235806e-001
  7.2000000e+000  7.1384071e-001
  7.2100000e+000  8.3661585e-001
  7.2200000e+000  3.3043632e-001
  7.2300000e+000  7.7231872e-001
  7.2400000e+000  8.8277323e-001
  7.2500000e+000  7.1949317e-001
  7.2600000e+000  8.5404722e-001
  7.2700000e+000  1.0263870e+000
  7.2800000e+000  9.5776010e-001
  7.2900000e+000  5.1645022e-001
  7.3000000e+000  5.1872715e-001
  7.3100000e+000  5.6841244e-001
  7.3200000e+000  7.6536706e-001
  7.3300000e+000  7.5464577e-001
  7.3400000e+000  8.2948200e-001
  7.3500000e+000  4.7245110e-001
  7.3600000e+000  8.0571240e-001
  7.3700000e+000  6.1424377e-001
  7.3800000e+000  8.6539714e-001
  7.3900000e+000  1.0291000e+000
  7.4000000e+000  7.7168358e-001
  7.4100000e+000  6.7605203e-001
  7.4200000e+000  1.2396246e+000
  7.4300000e+000  6.9523892e-001
  7.4400000e+000  7.0038163e-001
  7.4500000e+000  1.0100668e+000
  7.4600000e+000  9.6719569e-001
  7.4700000e+000  5.2752076e-001
  7.4800000e+000  6.5020355e-001
  7.4900000e+000  1.1382020e+000
  7.5000000e+000  9.4260349e-001
  7.5100000e+000  6.0216608e-001
  7.5200000e+000  8.8126452e-001
  7.5300000e+000  4.3657836e-001
  7.5400000e+000  9.5169027e-001
  7.5500000e+000  7.5858687e-001
  7.5600000e+000  7.3276766e-001
  7.5700000e+000  4.7050681e-001
  7.5800000e+000  6.5960108e-001
  7.5900000e+000  5.7572092e-001
  7.6000000e+000  1.0269516e+000
  7.6100000e+000  8.8198169e-001
  7.6200000e+000  5.8747099e-001
  7.6300000e+000  8.6566852e-001
  7.6400000e+000  7.0228931e-001
  7.6500000e+000  7.3079889e-001
  7.6600000e+000  1.0418255e+000
  7.6700000e+000  7.2039082e-001
  7.6800000e+000  4.5730189e-001
  7.6900000e+000  5.9891778e-001
  7.7000000e+000  8.3329224e-001
  7.7100000e+000  4.5072080e-001
  7.7200000e+000  7.6358411e-001
  7.7300000e+000  8.2009173e-001
  7.7400000e+000  5.9279393e-001
  7.7500000e+000  6.1543966e-001
  7.7600000e+000  6.2927879e-001
  7.7700000e+000  4.8447067e-001
  7.7800000e+000  6.9624613e-001
  7.7900000e+000  9.9629046e-001
  7.8000000e+000  7.5645650e-001
  7.8100000e+000  1.1576167e+000
  7.8200000e+000  3.6160718e-001
  7.8300000e+000  3.6433461e-001
  7.8400000e+000  7.5096904e-001
  7.8500000e+000  8.4045217e-001
  7.8600000e+000  1.1154997e+000
  7.8700000e+000  5.3462965e-001
  7.8800000e+000  6.1348783e-001
  7.8900000e+000  8.3189551e-001
  7.9000000e+000  5.6499811e-001
  7.9100000e+000  6.8244837e-001
  7.9200000e+000  7.2363687e-001
  7.9300000e+000  6.9940657e-001
  7.9400000e+000  5.7641427e-001
  7.9500000e+000  9.6240204e-001
  7.9600000e+000  8.2993404e-001
  7.9700000e+000  7.1144800e-001
  7.9800000e+000  7.5092074e-001
  7.9900000e+000  8.1696695e-001
  8.0000000e+000  9.0988430e-001
  8.0100000e+000  6.1967078e-001
  8.0200000e+000  6.8056422e-001
  8.0300000e+000  8.1640625e-001
  8.0400000e+000  7.1930518e-001
  8.0500000e+000  7.9177232e-001
  8.0600000e+000  1.6044882e-001
  8.0700000e+000  6.4539445e-001
  8.0800000e+000  5.5188707e-001
  8.0900000e+000  1.1311918e+000
  8.1000000e+000  6.9202102e-001
  8.1100000e+000  5.0674641e-001
  8.1200000e+000  5.1380955e-001
  8.1300000e+000  4.2863478e-001
  8.1400000e+000  8.5537166e-001
  8.1500000e+000  5.5808177e-001
  8.1600000e+000  6.7523842e-001
  8.1700000e+000  9.4659044e-001
  8.1800000e+000  5.1294300e-001
  8.1900000e+000  6.3495810e-001
  8.2000000e+000  8.6224221e-001
  8.2100000e+000  7.4187798e-001
  8.2200000e+000  7.4557649e-001
  8.2300000e+000  1.1749462e+000
  8.2400000e+000  9.3708244e-001
  8.2500000e+000  4.0869925e-001
  8.2600000e+000  4.1631066e-001
  8.2700000e+000  8.7784345e-001
  8.2800000e+000  9.0569033e-001
  8.2900000e+000  8.3584716e-001
  8.3000000e+000  7.8921431e-001
  8.3100000e+000  6.4126649e-001
  8.3200000e+000  7.3783465e-001
  8.3300000e+000  1.0323694e+000
  8.3400000e+000  5.1408326e-001
  8.3500000e+000  9.1160609e-001
  8.3600000e+000  8.6444894e-001
  8.3700000e+000  4.8743923e-001
  8.3800000e+000  3.9369591e-001
  8.3900000e+000  7.5183019e-001
  8.4000000e+000  7.5226260e-001
  8.4100000e+000  6.7436261e-001
  8.4200000e+000  9.7577599e-001
  8.4300000e+000  7.0320887e-001
  8.4400000e+000  7.8203631e-001
  8.4500000e+000  9.4282993e-001
  8.4600000e+000  9.9543262e-001
  8.4700000e+000  9.9070862e-001
  8.4800000e+000  5.9973903e-001
  8.4900000e+000  5.4125298e-001
  8.5000000e+000  1.2228556e+000
  8.5100000e+000  8.2516372e-001
  8.5200000e+000  7.4784626e-001
  8.5300000e+000  5.9859543e-001
  8.5400000e+000  6.9953364e-001
  8.5500000e+000  7.2477335e-001
  8.5600000e+000  6.9333814e-001
  8.5700000e+000  5.1907375e-001
  8.5800000e+000  7.7489820e-001
  8.5900000e+000  3.2479488e-001
  8.6000000e+000  5.8996060e-001
  8.6100000e+000  1.0797035e+000
  8.6200000e+000  6.8619508e-001
  8.6300000e+000  9.7294593e-001
  8.6400000e+000  9.8975315e-001
  8.6500000e+000  1.1354043e+000
  8.6600000e+000  8.3613381e-001
  8.6700000e+000  6.9987467e-001
  8.6800000e+000  7.9682599e-001
  8.6900000e+000  8.5228108e-001
  8.7000000e+000  4.9760328e-001
  8.7100000e+000  3.2905304e-001
  8.7200000e+000  6.0978358e-001
  8.7300000e+000  5.9608351e-001
  8.7400000e+000  4.6344693e-001
  8.7500000e+000  9.6362951e-001
  8.7600000e+000  4.7421579e-001
  8.7700000e+000  7.7280282e-001
  8.7800000e+000  5.2665160e-001
  8.7900000e+000  5.9572904e-001
  8.8000000e+000  8.0509287e-001
  8.8100000e+000  9.7002368e-001
  8.8200000e+000  6.2246086e-001
  8.8300000e+000  7.0106904e-001
  8.8400000e+000  5.7859317e-001
  8.8500000e+000  6.1228616e-001
  8.8600000e+000  8.2637514e-001
  8.8700000e+000  8.0887682e-001
  8.8800000e+000  6.1280484e-001
  8.8900000e+000  5.9802012e-001
  8.9000000e+000  8.1647987e-001
  8.9100000e+000  1.0423850e+000
  8.9200000e+000  7.6537251e-001
  8.9300000e+000  6.0580627e-001
  8.9400000e+000  5.5567699e-001
  8.9500000e+000  8.5325681e-001
  8.9600000e+000  8.3253004e-001
  8.9700000e+000  6.5586427e-001
  8.9800000e+000  5.9232295e-001
  8.9900000e+000  1.1903387e+000
  9.0000000e+000  5.3621110e-001
  9.0100000e+000  8.8014154e-001
  9.0200000e+000  1.0045129e+000
  9.0300000e+000  5.1839426e-001
  9.0400000e+000  8.2594448e-001
  9.0500000e+000  5.0011348e-001
  9.0600000e+000  6.5175768e-001
  9.0700000e+000  1.0238775e+000
  9.0800000e+000  1.0049399e+000
  9.0900000e+000  6.8201369e-001
  9.1000000e+000  5.1764899e-001
  9.1100000e+000  6.5848758e-001
  9.1200000e+000  8.3344865e-001
  9.1300000e+000  8.5906184e-001
  9.1400000e+000  5.6872602e-001
  9.1500000e+000  9.3883202e-001
  9.1600000e+000  2.9715515e-001
  9.1700000e+000  7.8353259e-001
  9.1800000e+000  4.9236614e-001
  9.1900000e+000  6.9394004e-001
  9.2000000e+000  4.1671152e-001
  9.2100000e+000  5.0931919e-001
  9.2200000e+000  1.0457146e+000
  9.2300000e+000  9.0001344e-001
  9.2400000e+000  6.0690441e-001
  9.2500000e+000  7.3967175e-001
  9.2600000e+000  6.7785018e-001
  9.2700000e+000  7.6057759e-001
  9.2800000e+000  1.0131808e+000
  9.2900000e+000  9.2727267e-001
  9.3000000e+000  9.2620503e-001
  9.3100000e+000  9.7350328e-001
  9.3200000e+000  1.1496809e-001
  9.3300000e+000  7.8469471e-001
  9.3400000e+000  7.8072618e-001
  9.3500000e+000  7.4097842e-001
  9.3600000e+000  6.5560131e-001
  9.3700000e+000  1.0129238e+000
  9.3800000e+000  6.0800722e-001
  9.3900000e+000  8.1522881e-001
  9.4000000e+000  1.2396527e+000
  9.4100000e+000  5.7800355e-001
  9.4200000e+000  3.3097509e-001
  9.4300000e+000  1.0748644e+000
  9.4400000e+000  6.3459444e-001
  9.4500000e+000  3.8459551e-001
  9.4600000e+000  8.6139867e-001
  9.4700000e+000  6.4478714e-001
  9.4800000e+000  5.3378687e-001
  9.4900000e+000  7.9449082e-001
  9.5000000e+000  6.0529036e-001
  9.5100000e+000  7.4101423e-001
  9.5200000e+000  6.3892046e-001
  9.5300000e+000  4.8614583e-001
  9.5400000e+000  7.3593196e-001
  9.5500000e+000  8.1360987e-001
  9.5600000e+000  8.3959276e-001
  9.5700000e+000  6.4951644e-001
  9.5800000e+000  7.1218133e-001
  9.5900000e+000  8.0380512e-001
  9.6000000e+000  8.4565261e-001
  9.6100000e+000  7.7359821e-001
  9.6200000e+000  9.2473697e-001
  9.6300000e+000  2.9456536e-001
  9.6400000e+000  9.0632728e-001
  9.6500000e+000  8.1861509e-001
  9.6600000e+000  1.0405678e+000
  9.6700000e+000  9.9097253e-001
  9.6800000e+000  1.0696403e+000
  9.6900000e+000  6.3676266e-001
  9.7000000e+000  6.7489372e-001
  9.7100000e+000  7.1229769e-001
  9.7200000e+000  3.7392458e-001
  9.7300000e+000  7.2767554e-001
  9.7400000e+000  1.0168391e+000
  9.7500000e+000  5.0387474e-001
  9.7600000e+000  6.5336348e-001
  9.7700000e+000  6.7057009e-001
  9.7800000e+000  7.9163058e-001
  9.7900000e+000  5.2464980e-001
  9.8000000e+000  4.0948838e-001
  9.8100000e+000  1.1805624e+000
  9.8200000e+000  8.5399654e-001
  9.8300000e+000  7.3712212e-001
  9.8400000e+000  7.4151064e-001
  9.8500000e+000  1.1453992e+000
  9.8600000e+000  9.5190699e-001
  9.8700000e+000  7.0203639e-001
  9.8800000e+000  6.0631389e-001
  9.8900000e+000  7.2044289e-001
  9.9000000e+000  6.3690519e-001
  9.9100000e+000  5.8246818e-001
  9.9200000e+000  6.5779123e-001
  9.9300000e+000  6.5530626e-001
  9.9400000e+000  8.9572111e-001
  9.9500000e+000  5.3692929e-001
  9.9600000e+000  7.7555446e-001
  9.9700000e+000  9.7056372e-001
  9.9800000e+000  7.9524255e-001
  9.9900000e+000  5.6645333e-001
  1.0000000e+001  6.3167768e-001
  1.0010000e+001  1.0835372e+000
  1.0020000e+001  9.6132069e-001
  1.0030000e+001  8.8762636e-001
  1.0040000e+001  9.1362657e-001
  1.0050000e+001  9.1388244e-001
  1.0060000e+001  6.5934115e-001
  1.0070000e+001  9.0947444e-001
  1.0080000e+001  7.1460763e-001
  1.0090000e+001  8.1268276e-001
  1.0100000e+001  7.2837315e-001
  1.0110000e+001  6.4511132e-001
  1.0120000e+001  3.4445449e-001
  1.0130000e+001  8.3657044e-001
  1.0140000e+001  1.1178022e+000
  1.0150000e+001  6.5082140e-001
  1.0160000e+001  7.7623063e-001
  1.0170000e+001  6.4590522e-001
  1.0180000e+001  9.8609018e-001
  1.0190000e+001  8.4275878e-001
  1.0200000e+001  7.7247077e-001
  1.0210000e+001  5.1589261e-001
  1.0220000e+001  2.3394493e-001
  1.0230000e+001  6.8406934e-001
  1.0240000e+001  9.5944838e-001
  1.0250000e+001  8.3399634e-001
  1.0260000e+001  7.5983855e-001
  1.0270000e+001  3.1723802e-001
  1.0280000e+001  1.1109150e+000
  1.0290000e+001  8.3279244e-001
  1.0300000e+001  1.1583821e+000
  1.0310000e+001  8.1888694e-001
  1.0320000e+001  5.9247912e-001
  1.0330000e+001  9.2628709e-001
  1.0340000e+001  3.7604138e-001
  1.0350000e+001  1.0001707e+000
  1.0360000e+001  8.7465104e-001
  1.0370000e+001  7.2127218e-001
  1.0380000e+001  9.7719574e-001
  1.0390000e+001  6.9603253e-001
  1.0400000e+001  8.0478449e-001
  1.0410000e+001  8.6428651e-001
  1.0420000e+001  8.3326300e-001
  1.0430000e+001  1.0692946e+000
  1.0440000e+001  1.0562963e+000
  1.0450000e+001  7.0158978e-001
  1.0460000e+001  6.6051836e-001
  1.0470000e+001  6.8785477e-001
  1.0480000e+001  6.9270692e-001
  1.0490000e+001  7.4692904e-001
  1.0500000e+001  7.7668680e-001
  1.0510000e+001  1.1880604e+000
  1.0520000e+001  6.2585052e-001
  1.0530000e+001  6.9179045e-001
  1.0540000e+001  9.0071011e-001
  1.0550000e+001  5.7695363e-001
  1.0560000e+001  6.2585235e-001
  1.0570000e+001  8.1005941e-001
  1.0580000e+001  5.6722712e-001
  1.0590000e+001  7.2358307e-001
  1.0600000e+001  3.6167925e-001
  1.0610000e+001  5.7386982e-001
  1.0620000e+001  8.0259659e-001
  1.0630000e+001  4.9674165e-001
  1.0640000e+001  6.8700951e-001
  1.0650000e+001  4.2511705e-001
  1.0660000e+001  8.8739865e-001
  1.0670000e+001  6.8356692e-001
  1.0680000e+001  8.9277359e-001
  1.0690000e+001  9.9560608e-001
  1.0700000e+001  8.7440467e-001
  1.0710000e+001  5.5107332e-001
  1.0720000e+001  7.3922648e-001
  1.0730000e+001  7.1597106e-001
  1.0740000e+001  1.0923590e+000
  1.0750000e+001  7.4251792e-001
  1.0760000e+001  4.9571939e-001
  1.0770000e+001  9.6627353e-001
  1.0780000e+001  1.2432556e+000
  1.0790000e+001  6.0991523e-001
  1.0800000e+001  5.7816643e-001
  1.0810000e+001  7.9084835e-001
  1.0820000e+001  9.1779671e-001
  1.0830000e+001  8.8593922e-001
  1.0840000e+001  9.6896495e-001
  1.0850000e+001  7.2232658e-001
  1.0860000e+001  7.4220720e-001
  1.0870000e+001  3.8334445e-001
  1.0880000e+001  8.3857049e-001
  1.0890000e+001  6.7168663e-001
  1.0900000e+001  5.4562614e-001
  1.0910000e+001  1.0425937e+000
  1.0920000e+001  6.8118551e-001
  1.0930000e+001  1.0350000e+000
  1.0940000e+001  1.0010622e+000
  1.0950000e+001  9.8069914e-001
  1.0960000e+001  7.3572230e-001
  1.0970000e+001  7.8026705e-001
  1.0980000e+001  4.5652978e-001
  1.0990000e+001  6.1381155e-001
  1.1000000e+001  6.8748250e-001
  1.1010000e+001  7.8422739e-001
  1.1020000e+001  7.5723751e-001
  1.1030000e+001  7.9218550e-001
  1.1040000e+001  9.2807792e-001
  1.1050000e+001  9.0411076e-001
  1.1060000e+001  5.8947071e-001
  1.1070000e+001  7.1010600e-001
  1.1080000e+001  7.2466566e-001
  1.1090000e+001  9.9904296e-001
  1.1100000e+001  4.9192289e-001
  1.1110000e+001  9.4032206e-001
  1.1120000e+001  7.1263364e-001
  1.1130000e+001  5.6395119e-001
  1.1140000e+001  9.7303502e-001
  1.1150000e+001  1.0261440e+000
  1.1160000e+001  5.1755415e-001
  1.1170000e+001  7.2249061e-001
  1.1180000e+001  7.1770488e-001
  1.1190000e+001  8.3042039e-001
  1.1200000e+001  8.9653102e-001
  1.1210000e+001  8.4221135e-001
  1.1220000e+001  8.2370714e-001
  1.1230000e+001  3.7415985e-001
  1.1240000e+001  9.1084188e-001
  1.1250000e+001  6.6763939e-001
  1.1260000e+001  7.3379997e-001
  1.1270000e+001  1.0753852e+000
  1.1280000e+001  5.0966649e-001
  1.1290000e+001  1.1367000e+000
  1.1300000e+001  7.1779946e-001
  1.1310000e+001  1.0219522e+000
  1.1320000e+001  7.2533443e-001
  1.1330000e+001  1.0248785e+000
  1.1340000e+001  1.4010372e+000
  1.1350000e+001  1.1318358e+000
  1.1360000e+001  3.5670482e-001
  1.1370000e+001  1.1552904e+000
  1.1380000e+001  9.9530649e-001
  1.1390000e+001  9.7635280e-001
  1.1400000e+001  9.7857913e-001
  1.1410000e+001  7.7647640e-001
  1.1420000e+001  8.0145366e-001
  1.1430000e+001  1.0512051e+000
  1.1440000e+001  7.4410440e-001
  1.1450000e+001  8.0259708e-001
  1.1460000e+001  5.0839094e-001
  1.1470000e+001  9.3593069e-001
  1.1480000e+001  5.4491522e-001
  1.1490000e+001  1.0170557e+000
  1.1500000e+001  6.4449642e-001
  1.1510000e+001  5.7966970e-001
  1.1520000e+001  7.6165846e-001
  1.1530000e+001  7.4381101e-001
  1.1540000e+001  4.5457255e-001
  1.1550000e+001  7.5113028e-001
  1.1560000e+001  7.5172900e-001
  1.1570000e+001  6.8704674e-001
  1.1580000e+001  5.8936272e-001
  1.1590000e+001  1.2218281e+000
  1.1600000e+001  8.9529110e-001
  1.1610000e+001  5.7268213e-001
  1.1620000e+001  7.8833948e-001
  1.1630000e+001  7.3596811e-001
  1.1640000e+001  7.2068383e-001
  1.1650000e+001  9.7268218e-001
  1.1660000e+001  8.5317399e-001
  1.1670000e+001  8.8712217e-001
  1.1680000e+001  7.6507573e-001
  1.1690000e+001  1.1094769e+000
  1.1700000e+001  7.0945236e-001
  1.1710000e+001  1.1532348e+000
  1.1720000e+001  9.1318033e-001
  1.1730000e+001  7.8425979e-001
  1.1740000e+001  6.6189204e-001
  1.1750000e+001  9.1036574e-001
  1.1760000e+001  7.8681660e-001
  1.1770000e+001  5.8396729e-001
  1.1780000e+001  9.4315041e-001
  1.1790000e+001  8.9295832e-001
  1.1800000e+001  7.3708296e-001
  1.1810000e+001  5.6496571e-001
  1.1820000e+001  8.6358613e-001
  1.1830000e+001  8.1895452e-001
  1.1840000e+001  1.0007565e+000
  1.1850000e+001  8.1230847e-001
  1.1860000e+001  5.3680873e-001
  1.1870000e+001  7.3939781e-001
  1.1880000e+001  8.8358329e-001
  1.1890000e+001  1.0654377e+000
  1.1900000e+001  7.3207117e-001
  1.1910000e+001  7.0202657e-001
  1.1920000e+001  5.2162658e-001
  1.1930000e+001  8.9133423e-001
  1.1940000e+001  9.7268616e-001
  1.1950000e+001  5.6039296e-001
  1.1960000e+001  8.0360888e-001
  1.1970000e+001  7.0681984e-001
  1.1980000e+001  9.9280630e-001
  1.1990000e+001  4.1563007e-001
  1.2000000e+001  9.8855148e-001
  1.2010000e+001  6.2094711e-001
  1.2020000e+001  7.4653311e-001
  1.2030000e+001  6.3539528e-001
  1.2040000e+001  3.9929800e-001
  1.2050000e+001  6.5435154e-001
  1.2060000e+001  7.9759714e-001
  1.2070000e+001  9.4774652e-001
  1.2080000e+001  6.8364948e-001
  1.2090000e+001  7.8427700e-001
  1.2100000e+001  1.0595040e+000
  1.2110000e+001  9.3247543e-001
  1.2120000e+001  8.6463095e-001
  1.2130000e+001  8.5667101e-001
  1.2140000e+001  8.1830101e-001
  1.2150000e+001  8.4878295e-001
  1.2160000e+001  1.0060116e+000
  1.2170000e+001  6.8192997e-001
  1.2180000e+001  8.1328716e-001
  1.2190000e+001  9.2912141e-001
  1.2200000e+001  6.3545613e-001
  1.2210000e+001  8.6848911e-001
  1.2220000e+001  7.2911666e-001
  1.2230000e+001  5.8494526e-001
  1.2240000e+001  7.6707691e-001
  1.2250000e+001  9.8781596e-001
  1.2260000e+001  4.9645792e-001
  1.2270000e+001  7.2726721e-001
  1.2280000e+001  7.3195226e-001
  1.2290000e+001  7.9261884e-001
  1.2300000e+001  9.0084186e-001
  1.2310000e+001  6.3062994e-001
  1.2320000e+001  7.7239309e-001
  1.2330000e+001  7.0266549e-001
  1.2340000e+001  1.0057144e+000
  1.2350000e+001  6.3873378e-001
  1.2360000e+001  7.5422974e-001
  1.2370000e+001  8.3014092e-001
  1.2380000e+001  5.3835719e-001
  1.2390000e+001  7.9707415e-001
  1.2400000e+001  8.7502489e-001
  1.2410000e+001  1.1032584e+000
  1.2420000e+001  6.2181069e-001
  1.2430000e+001  3.3339159e-001
  1.2440000e+001  8.5134981e-001
  1.2450000e+001  5.1531204e-001
  1.2460000e+001  8.4228767e-001
  1.2470000e+001  3.6344342e-001
  1.2480000e+001  6.9411521e-001
  1.2490000e+001  9.7666753e-001
  1.2500000e+001  7.3285506e-001
