  0.0000000e+000 -8.0278344e-002
  1.0000000e-002  1.0654212e-002
  2.0000000e-002  9.1045763e-002
  3.0000000e-002  1.8801511e-001
  4.0000000e-002  6.7710893e-002
  5.0000000e-002 -2.5645100e-001
  6.0000000e-002  1.2245832e-001
  7.0000000e-002 -3.6653952e-001
  8.0000000e-002 -3.1575028e-002
  9.0000000e-002  1.5858529e-001
  1.0000000e-001 -2.4342800e-001
  1.1000000e-001  1.4948195e-001
  1.2000000e-001  1.4424669e-001
  1.3000000e-001  6.7472326e-002
  1.4000000e-001 -2.6682152e-001
  1.5000000e-001 -2.6519764e-001
  1.6000000e-001  6.2081872e-002
  1.7000000e-001  2.5229565e-001
  1.8000000e-001  1.2729590e-001
  1.9000000e-001  4.2158216e-002
  2.0000000e-001 -1.0162183e-001
  2.1000000e-001 -3.3339274e-001
  2.2000000e-001 -8.2042944e-002
  2.3000000e-001  1.1237873e-001
  2.4000000e-001 -2.3918463e-001
  2.5000000e-001 -7.8749046e-002
  2.6000000e-001 -1.6819086e-001
  2.7000000e-001 -1.7616465e-001
  2.8000000e-001 -7.5530961e-002
  2.9000000e-001 -4.4312896e-001
  3.0000000e-001 -3.9647473e-001
  3.1000000e-001  1.2431274e-001
  3.2000000e-001 -1.8884048e-001
  3.3000000e-001 -4.5013116e-001
  3.4000000e-001 -3.4523873e-001
  3.5000000e-001 -4.5078255e-002
  3.6000000e-001 -3.1873477e-001
  3.7000000e-001  2.1920535e-001
  3.8000000e-001 -4.5794299e-001
  3.9000000e-001 -1.5354494e-001
  4.0000000e-001 -3.1990794e-001
  4.1000000e-001 -1.2041528e-002
  4.2000000e-001 -1.3772101e-001
  4.3000000e-001 -3.3203075e-001
  4.4000000e-001 -3.9623800e-001
  4.5000000e-001 -2.5395292e-001
  4.6000000e-001 -1.6606316e-001
  4.7000000e-001 -2.6252283e-001
  4.8000000e-001 -1.6089064e-001
  4.9000000e-001 -2.3760343e-001
  5.0000000e-001 -2.3567129e-002
  5.1000000e-001 -1.5191556e-001
  5.2000000e-001 -1.9705105e-001
  5.3000000e-001  1.1229118e-002
  5.4000000e-001 -2.2234592e-001
  5.5000000e-001 -4.6074445e-001
  5.6000000e-001 -3.3034503e-001
  5.7000000e-001 -3.0169152e-001
  5.8000000e-001 -2.9106145e-001
  5.9000000e-001 -2.8829776e-001
  6.0000000e-001 -2.2435236e-001
  6.1000000e-001 -1.4424892e-001
  6.2000000e-001 -1.4923378e-001
  6.3000000e-001 -3.9865166e-001
  6.4000000e-001 -1.0342588e-001
  6.5000000e-001 -2.1490901e-001
  6.6000000e-001 -2.9946435e-001
  6.7000000e-001 -3.0336600e-002
  6.8000000e-001 -3.2721782e-001
  6.9000000e-001 -1.1343164e-001
  7.0000000e-001 -5.7172970e-001
  7.1000000e-001 -2.8400538e-002
  7.2000000e-001 -5.2220621e-002
  7.3000000e-001 -1.9738853e-001
  7.4000000e-001  1.1315835e-001
  7.5000000e-001 -4.0496237e-001
  7.6000000e-001 -4.2574806e-001
  7.7000000e-001 -3.8814439e-001
  7.8000000e-001 -6.0472985e-001
  7.9000000e-001  1.1755175e-001
  8.0000000e-001 -3.9976192e-001
  8.1000000e-001 -2.1105709e-001
  8.2000000e-001 -4.6940402e-001
  8.3000000e-001 -2.7327005e-001
  8.4000000e-001 -4.4206265e-001
  8.5000000e-001  2.9922457e-001
  8.6000000e-001  1.9573062e-001
  8.7000000e-001  7.4964659e-002
  8.8000000e-001 -1.5381814e-001
  8.9000000e-001 -1.0571705e-001
  9.0000000e-001 -4.3427132e-001
  9.1000000e-001 -2.2121824e-001
  9.2000000e-001 -8.3948253e-002
  9.3000000e-001 -2.1611316e-001
  9.4000000e-001 -1.2284239e-001
  9.5000000e-001 -3.6279718e-001
  9.6000000e-001 -6.8927095e-001
  9.7000000e-001  1.3811883e-001
  9.8000000e-001 -8.6803009e-002
  9.9000000e-001 -2.7281993e-002
  1.0000000e+000 -9.8270562e-002
  1.0100000e+000  3.6649228e-001
  1.0200000e+000 -1.1248495e-001
  1.0300000e+000  2.6129801e-001
  1.0400000e+000 -1.2679986e-001
  1.0500000e+000 -1.7105214e-001
  1.0600000e+000 -3.3825240e-002
  1.0700000e+000  3.9650398e-001
  1.0800000e+000  1.4037978e-002
  1.0900000e+000 -3.8027862e-001
  1.1000000e+000 -1.5639011e-001
  1.1100000e+000  2.9677827e-001
  1.1200000e+000 -1.0721582e-001
  1.1300000e+000 -2.1160047e-002
  1.1400000e+000  1.9519208e-001
  1.1500000e+000 -3.8943658e-002
  1.1600000e+000  2.4489417e-002
  1.1700000e+000  2.2221874e-002
  1.1800000e+000  7.4713817e-002
  1.1900000e+000 -1.7890225e-001
  1.2000000e+000  2.1367010e-001
  1.2100000e+000  4.4768727e-002
  1.2200000e+000  5.4886884e-001
  1.2300000e+000 -1.0509797e-001
  1.2400000e+000  7.1220931e-002
  1.2500000e+000 -2.2413724e-001
  1.2600000e+000  1.5173251e-001
  1.2700000e+000 -5.6342943e-001
  1.2800000e+000  2.2669000e-001
  1.2900000e+000  1.0585574e-001
  1.3000000e+000 -1.7489323e-002
  1.3100000e+000  2.1300178e-003
  1.3200000e+000 -2.6411744e-001
  1.3300000e+000 -1.8371733e-001
  1.3400000e+000 -3.1282203e-001
  1.3500000e+000 -2.9359641e-001
  1.3600000e+000  2.2141663e-001
  1.3700000e+000 -4.2667594e-002
  1.3800000e+000  2.3885309e-001
  1.3900000e+000  1.9957811e-001
  1.4000000e+000 -4.5015489e-001
  1.4100000e+000 -8.8755713e-002
  1.4200000e+000  4.3765665e-001
  1.4300000e+000  2.1132187e-003
  1.4400000e+000  7.6149504e-002
  1.4500000e+000  1.0093548e-001
  1.4600000e+000  6.7225514e-002
  1.4700000e+000  7.7176697e-002
  1.4800000e+000 -5.5836475e-002
  1.4900000e+000 -1.1259088e-002
  1.5000000e+000  1.6887338e-001
  1.5100000e+000 -1.3638429e-001
  1.5200000e+000  1.7598131e-001
  1.5300000e+000 -1.3963434e-002
  1.5400000e+000  5.1692546e-002
  1.5500000e+000  1.4800161e-001
  1.5600000e+000  3.0812936e-001
  1.5700000e+000  4.1857950e-001
  1.5800000e+000 -7.3864435e-002
  1.5900000e+000 -2.0540652e-001
  1.6000000e+000  2.9845265e-001
  1.6100000e+000  1.4214129e-001
  1.6200000e+000  2.0129503e-001
  1.6300000e+000  4.2601022e-001
  1.6400000e+000 -3.3116681e-002
  1.6500000e+000  3.9558911e-002
  1.6600000e+000  2.7286240e-001
  1.6700000e+000 -1.8446276e-001
  1.6800000e+000 -1.0349657e-001
  1.6900000e+000  1.6846734e-001
  1.7000000e+000  8.2975685e-003
  1.7100000e+000  2.5633156e-001
  1.7200000e+000  1.3527607e-001
  1.7300000e+000  1.1914252e-001
  1.7400000e+000 -4.3879614e-002
  1.7500000e+000 -3.4530190e-001
  1.7600000e+000  5.6793449e-001
  1.7700000e+000  4.7184247e-001
  1.7800000e+000  1.5944506e-001
  1.7900000e+000  4.9862971e-001
  1.8000000e+000  3.1669503e-001
  1.8100000e+000 -2.0331692e-001
  1.8200000e+000  4.0209576e-001
  1.8300000e+000  3.7983795e-001
  1.8400000e+000  3.4113438e-001
  1.8500000e+000  2.5383236e-001
  1.8600000e+000  2.0002560e-001
  1.8700000e+000 -1.5072637e-001
  1.8800000e+000  5.2279514e-001
  1.8900000e+000  2.4710905e-001
  1.9000000e+000 -7.3635576e-002
  1.9100000e+000  3.1115303e-001
  1.9200000e+000  2.0973069e-001
  1.9300000e+000  3.0713818e-001
  1.9400000e+000  3.5768104e-001
  1.9500000e+000  2.8722919e-001
  1.9600000e+000  2.1844586e-001
  1.9700000e+000  1.1282873e-001
  1.9800000e+000  3.0848377e-001
  1.9900000e+000  2.3315345e-001
  2.0000000e+000  3.2837385e-001
  2.0100000e+000  6.0296796e-001
  2.0200000e+000  4.9045367e-001
  2.0300000e+000  6.0636491e-001
  2.0400000e+000  4.7547576e-001
  2.0500000e+000  3.4165345e-001
  2.0600000e+000  5.8668659e-001
  2.0700000e+000  5.8868147e-001
  2.0800000e+000  2.5633863e-002
  2.0900000e+000  5.0368221e-001
  2.1000000e+000  6.1419313e-002
  2.1100000e+000  4.9631193e-001
  2.1200000e+000  6.6531452e-001
  2.1300000e+000  3.4887905e-001
  2.1400000e+000  5.4810925e-001
  2.1500000e+000  7.3062810e-001
  2.1600000e+000  5.6530170e-001
  2.1700000e+000  3.3011213e-001
  2.1800000e+000  4.6160747e-001
  2.1900000e+000  2.1006039e-001
  2.2000000e+000  6.7854113e-001
  2.2100000e+000  2.5202638e-001
  2.2200000e+000  3.5446408e-001
  2.2300000e+000  7.4699043e-001
  2.2400000e+000  7.5359081e-001
  2.2500000e+000  1.8015718e-001
  2.2600000e+000  4.6804735e-001
  2.2700000e+000  6.5911224e-001
  2.2800000e+000  6.2219172e-001
  2.2900000e+000  1.4820983e-001
  2.3000000e+000  1.7786194e-001
  2.3100000e+000  5.5090785e-001
  2.3200000e+000  4.9856800e-001
  2.3300000e+000  3.5982112e-001
  2.3400000e+000  5.3850753e-001
  2.3500000e+000  3.5149202e-001
  2.3600000e+000  5.9643552e-001
  2.3700000e+000  4.4305578e-001
  2.3800000e+000  2.6682461e-001
  2.3900000e+000  5.8162096e-001
  2.4000000e+000  6.9315587e-001
  2.4100000e+000  8.3173286e-001
  2.4200000e+000  5.1157242e-001
  2.4300000e+000  4.5181586e-001
  2.4400000e+000  4.5701162e-001
  2.4500000e+000  1.8393937e-001
  2.4600000e+000  5.3897037e-001
  2.4700000e+000  3.8171770e-001
  2.4800000e+000  6.2529927e-001
  2.4900000e+000 -9.9303215e-002
  2.5000000e+000  3.5710552e-001
  2.5100000e+000  5.5036194e-001
  2.5200000e+000  3.9997416e-001
  2.5300000e+000  3.2138210e-001
  2.5400000e+000  9.1167928e-001
  2.5500000e+000  3.0075392e-001
  2.5600000e+000  5.1604415e-001
  2.5700000e+000  2.7806647e-001
  2.5800000e+000  6.1316829e-001
  2.5900000e+000  5.7065887e-001
  2.6000000e+000  5.6097911e-001
  2.6100000e+000  7.3734330e-001
  2.6200000e+000  5.6747354e-001
  2.6300000e+000  1.0460027e+000
  2.6400000e+000  3.0725894e-001
  2.6500000e+000  6.7667790e-001
  2.6600000e+000  3.2042187e-001
  2.6700000e+000  6.7321575e-001
  2.6800000e+000  5.6140231e-001
  2.6900000e+000  3.4463481e-001
  2.7000000e+000  9.9797365e-001
  2.7100000e+000  3.8625813e-001
  2.7200000e+000  7.1094601e-001
  2.7300000e+000  6.2978968e-001
  2.7400000e+000  2.9096730e-001
  2.7500000e+000  7.4617652e-001
  2.7600000e+000  9.7042873e-001
  2.7700000e+000  8.7502501e-001
  2.7800000e+000  2.5604052e-001
  2.7900000e+000  4.6358307e-001
  2.8000000e+000  6.0137292e-001
  2.8100000e+000  6.6854739e-001
  2.8200000e+000  6.8135096e-001
  2.8300000e+000  6.3993938e-001
  2.8400000e+000  8.2734477e-001
  2.8500000e+000  7.6525327e-001
  2.8600000e+000  1.2388166e+000
  2.8700000e+000  1.1174549e+000
  2.8800000e+000  9.0531392e-001
  2.8900000e+000  6.5907570e-001
  2.9000000e+000  7.4501814e-001
  2.9100000e+000  6.5059908e-001
  2.9200000e+000  8.0148885e-001
  2.9300000e+000  8.2516773e-001
  2.9400000e+000  3.1227912e-001
  2.9500000e+000  6.1617959e-001
  2.9600000e+000  8.2495959e-001
  2.9700000e+000  9.8934144e-001
  2.9800000e+000  7.4509889e-001
  2.9900000e+000  6.0816175e-001
  3.0000000e+000  4.4085509e-001
  3.0100000e+000  5.9264553e-001
  3.0200000e+000  5.8698073e-001
  3.0300000e+000  9.6475259e-001
  3.0400000e+000  4.0733238e-001
  3.0500000e+000  7.5901223e-001
  3.0600000e+000  6.1268182e-001
  3.0700000e+000  6.0981790e-001
  3.0800000e+000  1.0692987e+000
  3.0900000e+000  9.3022413e-001
  3.1000000e+000  7.3364269e-001
  3.1100000e+000  7.6751529e-001
  3.1200000e+000  7.3556723e-001
  3.1300000e+000  1.1205675e+000
  3.1400000e+000  4.0963448e-001
  3.1500000e+000  6.4769097e-001
  3.1600000e+000  8.1383517e-001
  3.1700000e+000  8.6986977e-001
  3.1800000e+000  8.2314830e-001
  3.1900000e+000  3.6177966e-001
  3.2000000e+000  7.2660579e-001
  3.2100000e+000  8.7820819e-001
  3.2200000e+000  9.7240929e-001
  3.2300000e+000  8.8154074e-001
  3.2400000e+000  9.0412407e-001
  3.2500000e+000  8.6835648e-001
  3.2600000e+000  5.9209638e-001
  3.2700000e+000  7.8716900e-001
  3.2800000e+000  8.6627439e-001
  3.2900000e+000  1.0424924e+000
  3.3000000e+000  8.0534809e-001
  3.3100000e+000  4.8409875e-001
  3.3200000e+000  7.8518753e-001
  3.3300000e+000  8.2394581e-001
  3.3400000e+000  5.4015109e-001
  3.3500000e+000  7.2385880e-001
  3.3600000e+000  8.5671821e-001
  3.3700000e+000  6.9455684e-001
  3.3800000e+000  1.1323425e+000
  3.3900000e+000  1.0190687e+000
  3.4000000e+000  1.0032343e+000
  3.4100000e+000  8.8794306e-001
  3.4200000e+000  9.7617864e-001
  3.4300000e+000  5.8222955e-001
  3.4400000e+000  6.7611108e-001
  3.4500000e+000  6.0897277e-001
  3.4600000e+000  7.6337127e-001
  3.4700000e+000  1.0125423e+000
  3.4800000e+000  5.6378451e-001
  3.4900000e+000  7.1206223e-001
  3.5000000e+000  8.8557805e-001
  3.5100000e+000  9.8744734e-001
  3.5200000e+000  5.7318647e-001
  3.5300000e+000  1.1361849e+000
  3.5400000e+000  9.1110762e-001
  3.5500000e+000  1.0201877e+000
  3.5600000e+000  1.0073195e+000
  3.5700000e+000  5.1513736e-001
  3.5800000e+000  8.4029806e-001
  3.5900000e+000  6.7993212e-001
  3.6000000e+000  1.2079773e+000
  3.6100000e+000  8.8249639e-001
  3.6200000e+000  7.9887342e-001
  3.6300000e+000  6.7343361e-001
  3.6400000e+000  7.9818903e-001
  3.6500000e+000  6.4712806e-001
  3.6600000e+000  8.1149987e-001
  3.6700000e+000  9.4494928e-001
  3.6800000e+000  1.0289020e+000
  3.6900000e+000  7.2865641e-001
  3.7000000e+000  7.8690407e-001
  3.7100000e+000  1.1642635e+000
  3.7200000e+000  1.1136299e+000
  3.7300000e+000  7.2238016e-001
  3.7400000e+000  6.0659212e-001
  3.7500000e+000  1.0980199e+000
  3.7600000e+000  9.8897936e-001
  3.7700000e+000  7.5877878e-001
  3.7800000e+000  1.0404665e+000
  3.7900000e+000  7.2980245e-001
  3.8000000e+000  1.2694441e+000
  3.8100000e+000  8.1473294e-001
  3.8200000e+000  7.0125179e-001
  3.8300000e+000  7.9117564e-001
  3.8400000e+000  8.2797326e-001
  3.8500000e+000  9.6305668e-001
  3.8600000e+000  8.3938675e-001
  3.8700000e+000  7.6564683e-001
  3.8800000e+000  6.7474758e-001
  3.8900000e+000  1.1539807e+000
  3.9000000e+000  3.5307611e-001
  3.9100000e+000  1.2377604e+000
  3.9200000e+000  7.4404825e-001
  3.9300000e+000  1.0138223e+000
  3.9400000e+000  6.5180180e-001
  3.9500000e+000  6.4792012e-001
  3.9600000e+000  9.4409694e-001
  3.9700000e+000  9.7377566e-001
  3.9800000e+000  6.9094414e-001
  3.9900000e+000  9.3804353e-001
  4.0000000e+000  9.2309103e-001
  4.0100000e+000  9.9431627e-001
  4.0200000e+000  1.3524716e+000
  4.0300000e+000  6.9584678e-001
  4.0400000e+000  8.4226104e-001
  4.0500000e+000  1.3513152e+000
  4.0600000e+000  9.2832926e-001
  4.0700000e+000  1.0537264e+000
  4.0800000e+000  1.0350556e+000
  4.0900000e+000  1.1914911e+000
  4.1000000e+000  1.0747387e+000
  4.1100000e+000  3.8823844e-001
  4.1200000e+000  1.1226116e+000
  4.1300000e+000  9.5262711e-001
  4.1400000e+000  1.0589088e+000
  4.1500000e+000  1.1184617e+000
  4.1600000e+000  7.8910968e-001
  4.1700000e+000  1.2866061e+000
  4.1800000e+000  1.0046505e+000
  4.1900000e+000  7.6903010e-001
  4.2000000e+000  9.8586852e-001
  4.2100000e+000  6.0967959e-001
  4.2200000e+000  4.3197821e-001
  4.2300000e+000  1.0157625e+000
  4.2400000e+000  8.4801568e-001
  4.2500000e+000  8.8004594e-001
  4.2600000e+000  7.0657532e-001
  4.2700000e+000  9.0471747e-001
  4.2800000e+000  7.9251018e-001
  4.2900000e+000  8.4427856e-001
  4.3000000e+000  8.5056810e-001
  4.3100000e+000  9.2306963e-001
  4.3200000e+000  6.4472067e-001
  4.3300000e+000  7.9971233e-001
  4.3400000e+000  1.0676816e+000
  4.3500000e+000  1.1551649e+000
  4.3600000e+000  8.1257605e-001
  4.3700000e+000  9.6633371e-001
  4.3800000e+000  8.0628880e-001
  4.3900000e+000  9.5875754e-001
  4.4000000e+000  8.0085961e-001
  4.4100000e+000  8.7442525e-001
  4.4200000e+000  1.0638339e+000
  4.4300000e+000  1.0509641e+000
  4.4400000e+000  9.0257700e-001
  4.4500000e+000  5.5281705e-001
  4.4600000e+000  1.2229666e+000
  4.4700000e+000  8.3613382e-001
  4.4800000e+000  8.7472605e-001
  4.4900000e+000  1.1174041e+000
  4.5000000e+000  6.1845913e-001
  4.5100000e+000  8.6450164e-001
  4.5200000e+000  1.2736539e+000
  4.5300000e+000  6.1514529e-001
  4.5400000e+000  1.4702708e+000
  4.5500000e+000  1.1863065e+000
  4.5600000e+000  1.4509641e+000
  4.5700000e+000  8.0593611e-001
  4.5800000e+000  1.1499526e+000
  4.5900000e+000  1.1980531e+000
  4.6000000e+000  1.0580778e+000
  4.6100000e+000  9.4946995e-001
  4.6200000e+000  6.0368268e-001
  4.6300000e+000  1.1095975e+000
  4.6400000e+000  5.9476236e-001
  4.6500000e+000  7.9889977e-001
  4.6600000e+000  8.6193950e-001
  4.6700000e+000  1.1073464e+000
  4.6800000e+000  8.7954341e-001
  4.6900000e+000  6.2620491e-001
  4.7000000e+000  8.7351732e-001
  4.7100000e+000  8.6851136e-001
  4.7200000e+000  1.0533654e+000
  4.7300000e+000  6.8339157e-001
  4.7400000e+000  4.5577676e-001
  4.7500000e+000  9.0546273e-001
  4.7600000e+000  7.8682800e-001
  4.7700000e+000  6.6976183e-001
  4.7800000e+000  1.3513515e+000
  4.7900000e+000  8.7356991e-001
  4.8000000e+000  9.9859883e-001
  4.8100000e+000  7.4366645e-001
  4.8200000e+000  8.7858445e-001
  4.8300000e+000  9.6895559e-001
  4.8400000e+000  9.2710495e-001
  4.8500000e+000  8.4832583e-001
  4.8600000e+000  5.9452588e-001
  4.8700000e+000  8.1863455e-001
  4.8800000e+000  1.0310626e+000
  4.8900000e+000  1.0271632e+000
  4.9000000e+000  1.1321645e+000
  4.9100000e+000  8.4536002e-001
  4.9200000e+000  1.1597049e+000
  4.9300000e+000  8.0679790e-001
  4.9400000e+000  5.1180093e-001
  4.9500000e+000  8.4075902e-001
  4.9600000e+000  1.0878000e+000
  4.9700000e+000  5.8294466e-001
  4.9800000e+000  3.9910781e-001
  4.9900000e+000  4.0877415e-001
  5.0000000e+000  6.0143552e-001
  5.0100000e+000  1.0090312e+000
  5.0200000e+000  9.0041840e-001
  5.0300000e+000  1.2755073e+000
  5.0400000e+000  1.0321333e+000
  5.0500000e+000  6.7436266e-001
  5.0600000e+000  6.2681309e-001
  5.0700000e+000  6.2805672e-001
  5.0800000e+000  9.4823316e-001
  5.0900000e+000  9.0288098e-001
  5.1000000e+000  9.3951423e-001
  5.1100000e+000  8.8327216e-001
  5.1200000e+000  6.4189690e-001
  5.1300000e+000  8.8336085e-001
  5.1400000e+000  9.1381123e-001
  5.1500000e+000  9.4913203e-001
  5.1600000e+000  7.1135715e-001
  5.1700000e+000  9.7441340e-001
  5.1800000e+000  7.4701577e-001
  5.1900000e+000  5.8521247e-001
  5.2000000e+000  1.0874667e+000
  5.2100000e+000  1.0053263e+000
  5.2200000e+000  1.0095461e+000
  5.2300000e+000  1.1992423e+000
  5.2400000e+000  4.5619006e-001
  5.2500000e+000  8.9359970e-001
  5.2600000e+000  5.4386199e-001
  5.2700000e+000  7.0803809e-001
  5.2800000e+000  5.7516388e-001
  5.2900000e+000  1.1796131e+000
  5.3000000e+000  7.7008377e-001
  5.3100000e+000  9.7612263e-001
  5.3200000e+000  7.9854491e-001
  5.3300000e+000  9.5868731e-001
  5.3400000e+000  1.3332340e+000
  5.3500000e+000  7.6787109e-001
  5.3600000e+000  1.4097711e+000
  5.3700000e+000  6.9884789e-001
  5.3800000e+000  8.2479009e-001
  5.3900000e+000  7.5213296e-001
  5.4000000e+000  8.5235352e-001
  5.4100000e+000  1.0908550e+000
  5.4200000e+000  1.1380284e+000
  5.4300000e+000  1.0910794e+000
  5.4400000e+000  5.5406318e-001
  5.4500000e+000  9.4259141e-001
  5.4600000e+000  5.4156408e-001
  5.4700000e+000  7.5657365e-001
  5.4800000e+000  8.9807132e-001
  5.4900000e+000  7.2198643e-001
  5.5000000e+000  4.6219742e-001
  5.5100000e+000  7.1591300e-001
  5.5200000e+000  6.2046163e-001
  5.5300000e+000  8.8014202e-001
  5.5400000e+000  8.8200590e-001
  5.5500000e+000  5.4550935e-001
  5.5600000e+000  1.0663376e+000
  5.5700000e+000  8.5210755e-001
  5.5800000e+000  9.0576551e-001
  5.5900000e+000  1.1061325e+000
  5.6000000e+000  7.1723426e-001
  5.6100000e+000  2.0762791e-001
  5.6200000e+000  8.6910312e-001
  5.6300000e+000  7.6397174e-001
  5.6400000e+000  9.4019037e-001
  5.6500000e+000  9.0308801e-001
  5.6600000e+000  7.3353296e-001
  5.6700000e+000  7.2406957e-001
  5.6800000e+000  6.2818702e-001
  5.6900000e+000  1.1150435e+000
  5.7000000e+000  5.6007324e-001
  5.7100000e+000  6.2981062e-001
  5.7200000e+000  6.3062622e-001
  5.7300000e+000  4.8284540e-001
  5.7400000e+000  8.9151964e-001
  5.7500000e+000  7.2749140e-001
  5.7600000e+000  7.7410002e-001
  5.7700000e+000  5.2090848e-001
  5.7800000e+000  8.3127188e-001
  5.7900000e+000  5.6779007e-001
  5.8000000e+000  5.8023340e-001
  5.8100000e+000  9.4329840e-001
  5.8200000e+000  1.0738036e+000
  5.8300000e+000  9.9160234e-001
  5.8400000e+000  7.2353121e-001
  5.8500000e+000  5.5546344e-001
  5.8600000e+000  6.5215758e-001
  5.8700000e+000  1.0266381e+000
  5.8800000e+000  7.1659531e-001
  5.8900000e+000  9.2434719e-001
  5.9000000e+000  8.0313793e-001
  5.9100000e+000  1.0190521e+000
  5.9200000e+000  5.7717409e-001
  5.9300000e+000  9.5362194e-001
  5.9400000e+000  7.6493162e-001
  5.9500000e+000  9.9653539e-001
  5.9600000e+000  2.8389989e-001
  5.9700000e+000  1.1985615e+000
  5.9800000e+000  8.1068587e-001
  5.9900000e+000  7.7695865e-001
  6.0000000e+000  9.2352736e-001
  6.0100000e+000  9.5061587e-001
  6.0200000e+000  8.8402856e-001
  6.0300000e+000  8.3422549e-001
  6.0400000e+000  6.4982454e-001
  6.0500000e+000  6.6910541e-001
  6.0600000e+000  4.9094010e-001
  6.0700000e+000  6.7035853e-001
  6.0800000e+000  1.3150568e+000
  6.0900000e+000  3.3795642e-001
  6.1000000e+000  9.6380850e-001
  6.1100000e+000  8.2196115e-001
  6.1200000e+000  6.2599607e-001
  6.1300000e+000  5.3306349e-001
  6.1400000e+000  6.7650601e-001
  6.1500000e+000  9.3729265e-001
  6.1600000e+000  7.2877486e-001
  6.1700000e+000  9.2874299e-001
  6.1800000e+000  7.6653683e-001
  6.1900000e+000  5.8819158e-001
  6.2000000e+000  8.4886581e-001
  6.2100000e+000  5.3651204e-001
  6.2200000e+000  9.4623472e-001
  6.2300000e+000  5.8469120e-001
  6.2400000e+000  1.1736538e+000
  6.2500000e+000  4.4573962e-001
  6.2600000e+000  7.4862118e-001
  6.2700000e+000  7.1265056e-001
  6.2800000e+000  5.4530447e-001
  6.2900000e+000  7.7523345e-001
  6.3000000e+000  6.9599838e-001
  6.3100000e+000  1.0464247e+000
  6.3200000e+000  5.5391833e-001
  6.3300000e+000  8.1549698e-001
  6.3400000e+000  5.2236591e-001
  6.3500000e+000  6.5786992e-001
  6.3600000e+000  8.8712029e-001
  6.3700000e+000  9.1092377e-001
  6.3800000e+000  5.7848957e-001
  6.3900000e+000  9.3888917e-001
  6.4000000e+000  7.7635394e-001
  6.4100000e+000  7.2615316e-001
  6.4200000e+000  5.9758275e-001
  6.4300000e+000  6.3010419e-001
  6.4400000e+000  1.0821373e+000
  6.4500000e+000  8.2092159e-001
  6.4600000e+000  1.0688792e+000
  6.4700000e+000  8.8140959e-001
  6.4800000e+000  8.0965114e-001
  6.4900000e+000  6.8249575e-001
  6.5000000e+000  8.5456603e-001
  6.5100000e+000  3.1868442e-001
  6.5200000e+000  8.9822910e-001
  6.5300000e+000  1.0162680e+000
  6.5400000e+000  8.1797393e-001
  6.5500000e+000  7.1164043e-001
  6.5600000e+000  5.9300598e-001
  6.5700000e+000  7.2847510e-001
  6.5800000e+000  6.0139249e-001
  6.5900000e+000  5.4504063e-001
  6.6000000e+000  9.0979919e-001
  6.6100000e+000  9.3005864e-001
  6.6200000e+000  9.9416813e-001
  6.6300000e+000  8.1220069e-001
  6.6400000e+000  6.9494515e-001
  6.6500000e+000  6.4209944e-001
  6.6600000e+000  9.5628917e-001
  6.6700000e+000  1.1788752e+000
  6.6800000e+000  8.9451432e-001
  6.6900000e+000  6.2391452e-001
  6.7000000e+000  6.0742920e-001
  6.7100000e+000  6.1073776e-001
  6.7200000e+000  8.2237104e-001
  6.7300000e+000  9.9212363e-001
  6.7400000e+000  7.7088533e-001
  6.7500000e+000  6.9051244e-001
  6.7600000e+000  5.3533228e-001
  6.7700000e+000  5.6329059e-001
  6.7800000e+000  5.2430977e-001
  6.7900000e+000  6.1734920e-001
  6.8000000e+000  9.4765839e-001
  6.8100000e+000  6.6932797e-001
  6.8200000e+000  9.4629456e-001
  6.8300000e+000  7.7726410e-001
  6.8400000e+000  7.7015808e-001
  6.8500000e+000  6.4615580e-001
  6.8600000e+000  7.1355030e-001
  6.8700000e+000  9.0731996e-001
  6.8800000e+000  1.0089051e+000
  6.8900000e+000  6.8845020e-001
  6.9000000e+000  6.0883001e-001
  6.9100000e+000  1.0515920e+000
  6.9200000e+000  8.9802811e-001
  6.9300000e+000  1.2061743e+000
  6.9400000e+000  9.5837623e-001
  6.9500000e+000  5.8088731e-001
  6.9600000e+000  5.5871361e-001
  6.9700000e+000  9.6102379e-001
  6.9800000e+000  1.0857403e+000
  6.9900000e+000  3.3701871e-001
  7.0000000e+000  7.0605701e-001
  7.0100000e+000  7.9407429e-001
  7.0200000e+000  8.1142369e-001
  7.0300000e+000  1.0119172e+000
  7.0400000e+000  7.3518057e-001
  7.0500000e+000  8.4137803e-001
  7.0600000e+000  7.7393303e-001
  7.0700000e+000  5.4371186e-001
  7.0800000e+000  4.2824341e-001
  7.0900000e+000  8.2133165e-001
  7.1000000e+000  6.8885768e-001
  7.1100000e+000  6.7458750e-001
  7.1200000e+000  1.0295510e+000
  7.1300000e+000  7.9342762e-001
  7.1400000e+000  6.1527109e-001
  7.1500000e+000  4.6922078e-001
  7.1600000e+000  6.6547785e-001
  7.1700000e+000  6.6961634e-001
  7.1800000e+000  6.2037673e-001
  7.1900000e+000  4.2267069e-001
  7.2000000e+000  2.0272013e-002
  7.2100000e+000  1.0276721e+000
  7.2200000e+000  4.9143787e-001
  7.2300000e+000  9.2143115e-001
  7.2400000e+000  6.4298592e-001
  7.2500000e+000  5.9172213e-001
  7.2600000e+000  1.2874439e+000
  7.2700000e+000  5.9420352e-001
  7.2800000e+000  1.0532815e+000
  7.2900000e+000  8.8253320e-001
  7.3000000e+000  9.5965912e-001
  7.3100000e+000  4.7211291e-001
  7.3200000e+000  9.2650767e-001
  7.3300000e+000  6.9321636e-001
  7.3400000e+000  7.2131196e-001
  7.3500000e+000  7.4844163e-001
  7.3600000e+000  4.8192654e-001
  7.3700000e+000  4.3981936e-001
  7.3800000e+000  7.7011733e-001
  7.3900000e+000  6.9297704e-001
  7.4000000e+000  4.3025950e-001
  7.4100000e+000  7.6921624e-001
  7.4200000e+000  9.3158771e-001
  7.4300000e+000  4.5965908e-001
  7.4400000e+000  7.3590414e-001
  7.4500000e+000  6.9519976e-001
  7.4600000e+000  8.6269916e-001
  7.4700000e+000  1.0195497e+000
  7.4800000e+000  7.7879906e-001
  7.4900000e+000  6.4354327e-001
  7.5000000e+000  4.5706570e-001
  7.5100000e+000  5.0688692e-001
  7.5200000e+000  6.4248475e-001
  7.5300000e+000  8.0980517e-001
  7.5400000e+000  4.8215462e-001
  7.5500000e+000  7.9197060e-001
  7.5600000e+000  4.3468830e-001
  7.5700000e+000  6.2698316e-001
  7.5800000e+000  7.8166299e-001
  7.5900000e+000  7.5591225e-001
  7.6000000e+000  7.6736542e-001
  7.6100000e+000  8.5188482e-001
  7.6200000e+000  5.5154572e-001
  7.6300000e+000  7.6638933e-001
  7.6400000e+000  9.2042911e-001
  7.6500000e+000  1.2578906e+000
  7.6600000e+000  4.3155281e-001
  7.6700000e+000  7.8307881e-001
  7.6800000e+000  7.6366342e-001
  7.6900000e+000  9.3080900e-001
  7.7000000e+000  7.8574488e-001
  7.7100000e+000  1.0397730e+000
  7.7200000e+000  7.4001463e-001
  7.7300000e+000  6.6502911e-001
  7.7400000e+000  6.4086972e-001
  7.7500000e+000  2.8001436e-001
  7.7600000e+000  8.8782098e-001
  7.7700000e+000  7.5258013e-001
  7.7800000e+000  1.0121369e+000
  7.7900000e+000  1.1482661e+000
  7.8000000e+000  9.1451495e-001
  7.8100000e+000  3.2601004e-001
  7.8200000e+000  6.5432233e-001
  7.8300000e+000  6.0911222e-001
  7.8400000e+000  1.0243264e+000
  7.8500000e+000  9.7763470e-001
  7.8600000e+000  8.3110319e-001
  7.8700000e+000  5.2193397e-001
  7.8800000e+000  8.2692590e-001
  7.8900000e+000  7.3193669e-001
  7.9000000e+000  8.3588638e-001
  7.9100000e+000  8.0059213e-001
  7.9200000e+000  8.3273114e-001
  7.9300000e+000  7.4194017e-001
  7.9400000e+000  6.1488578e-001
  7.9500000e+000  8.7637953e-001
  7.9600000e+000  3.8276455e-001
  7.9700000e+000  6.9163016e-001
  7.9800000e+000  9.7373789e-001
  7.9900000e+000  7.4836682e-001
  8.0000000e+000  5.7338442e-001
  8.0100000e+000  3.2309923e-001
  8.0200000e+000  8.7780976e-001
  8.0300000e+000  1.0937653e+000
  8.0400000e+000  4.8027516e-001
  8.0500000e+000  1.1224232e+000
  8.0600000e+000  4.7137969e-001
  8.0700000e+000  7.3964326e-001
  8.0800000e+000  7.8876283e-001
  8.0900000e+000  7.1725742e-001
  8.1000000e+000  5.8252587e-001
  8.1100000e+000  9.5376175e-001
  8.1200000e+000  6.8000297e-001
  8.1300000e+000  5.6863173e-001
  8.1400000e+000  6.4325424e-001
  8.1500000e+000  4.6276900e-001
  8.1600000e+000  5.8970817e-001
  8.1700000e+000  7.7575038e-001
  8.1800000e+000  9.8581982e-001
  8.1900000e+000  1.1707969e+000
  8.2000000e+000  6.8148814e-001
  8.2100000e+000  3.7006665e-001
  8.2200000e+000  6.0678577e-001
  8.2300000e+000  7.9089495e-001
  8.2400000e+000  8.6783833e-001
  8.2500000e+000  8.8500236e-001
  8.2600000e+000  7.1830940e-001
  8.2700000e+000  8.6619969e-001
  8.2800000e+000  6.5434347e-001
  8.2900000e+000  6.1481369e-001
  8.3000000e+000  8.0482241e-001
  8.3100000e+000  7.1074693e-001
  8.3200000e+000  7.3811817e-001
  8.3300000e+000  7.4130675e-001
  8.3400000e+000  5.3081953e-001
  8.3500000e+000  4.3454119e-001
  8.3600000e+000  5.8161045e-001
  8.3700000e+000  8.2901443e-001
  8.3800000e+000  7.5927946e-001
  8.3900000e+000  5.3201832e-001
  8.4000000e+000  1.1222867e+000
  8.4100000e+000  6.2452884e-001
  8.4200000e+000  7.4810252e-001
  8.4300000e+000  8.2117920e-001
  8.4400000e+000  1.0512567e+000
  8.4500000e+000  2.2990655e-001
  8.4600000e+000  9.8020629e-001
  8.4700000e+000  9.1882456e-001
  8.4800000e+000  7.1065465e-001
  8.4900000e+000  8.5024623e-001
  8.5000000e+000  7.7869182e-001
  8.5100000e+000  5.9575371e-001
  8.5200000e+000  1.2310299e+000
  8.5300000e+000  9.4205539e-001
  8.5400000e+000  8.0579727e-001
  8.5500000e+000  8.2915226e-001
  8.5600000e+000  5.7929727e-001
  8.5700000e+000  5.2449270e-001
  8.5800000e+000  6.3447783e-001
  8.5900000e+000  8.4548296e-001
  8.6000000e+000  8.7080799e-001
  8.6100000e+000  5.5598018e-001
  8.6200000e+000  5.8148720e-001
  8.6300000e+000  6.7607728e-001
  8.6400000e+000  8.9630247e-001
  8.6500000e+000  5.8962667e-001
  8.6600000e+000  3.5342770e-001
  8.6700000e+000  7.7594423e-001
  8.6800000e+000  1.0725065e+000
  8.6900000e+000  3.5365562e-001
  8.7000000e+000  1.0662616e+000
  8.7100000e+000  5.8677571e-001
  8.7200000e+000  7.0895358e-001
  8.7300000e+000  6.4262777e-001
  8.7400000e+000  8.2359303e-001
  8.7500000e+000  8.4406677e-001
  8.7600000e+000  7.3642346e-001
  8.7700000e+000  8.4998564e-001
  8.7800000e+000  4.2196069e-001
  8.7900000e+000  8.7490114e-001
  8.8000000e+000  4.2217464e-001
  8.8100000e+000  7.3739474e-001
  8.8200000e+000  4.6569402e-001
  8.8300000e+000  4.8173869e-001
  8.8400000e+000  9.0001273e-001
  8.8500000e+000  7.5407168e-001
  8.8600000e+000  7.6605033e-001
  8.8700000e+000  5.4960482e-001
  8.8800000e+000  9.2328131e-001
  8.8900000e+000  8.7064294e-001
  8.9000000e+000  4.2888696e-001
  8.9100000e+000  1.0533210e+000
  8.9200000e+000  5.2559095e-001
  8.9300000e+000  9.6262989e-001
  8.9400000e+000  5.7551888e-001
  8.9500000e+000  9.4327745e-001
  8.9600000e+000  7.7017632e-001
  8.9700000e+000  7.5180284e-001
  8.9800000e+000  7.4862794e-001
  8.9900000e+000  1.0587059e+000
  9.0000000e+000  5.2462603e-001
  9.0100000e+000  6.5979321e-001
  9.0200000e+000  7.8365525e-001
  9.0300000e+000  8.3184948e-001
  9.0400000e+000  7.8688005e-001
  9.0500000e+000  5.9947376e-001
  9.0600000e+000  6.7278656e-001
  9.0700000e+000  1.0937113e+000
  9.0800000e+000  9.6160141e-001
  9.0900000e+000  6.0050607e-001
  9.1000000e+000  4.7811425e-001
  9.1100000e+000  5.3049688e-001
  9.1200000e+000  9.2813716e-001
  9.1300000e+000  1.0213063e+000
  9.1400000e+000  9.0286396e-001
  9.1500000e+000  4.6733536e-001
  9.1600000e+000  6.9270060e-001
  9.1700000e+000  6.3389022e-001
  9.1800000e+000  9.8626239e-001
  9.1900000e+000  4.8904472e-001
  9.2000000e+000  8.3469475e-001
  9.2100000e+000  7.8668482e-001
  9.2200000e+000  8.6883884e-001
  9.2300000e+000  7.6088957e-001
  9.2400000e+000  4.3119775e-001
  9.2500000e+000  8.2940212e-001
  9.2600000e+000  7.3096281e-001
  9.2700000e+000  8.0702527e-001
  9.2800000e+000  5.3752608e-001
  9.2900000e+000  8.1350151e-001
  9.3000000e+000  5.9713867e-001
  9.3100000e+000  7.2022877e-001
  9.3200000e+000  6.2827136e-001
  9.3300000e+000  8.3085758e-001
  9.3400000e+000  7.7653098e-001
  9.3500000e+000  6.0425677e-001
  9.3600000e+000  7.0519752e-001
  9.3700000e+000  6.1460381e-001
  9.3800000e+000  7.9858172e-001
  9.3900000e+000  9.8432231e-001
  9.4000000e+000  7.2912659e-001
  9.4100000e+000  7.2614740e-001
  9.4200000e+000  9.7015131e-001
  9.4300000e+000  6.2617790e-001
  9.4400000e+000  5.9815745e-001
  9.4500000e+000  7.4590111e-001
  9.4600000e+000  7.7385642e-001
  9.4700000e+000  8.5291750e-001
  9.4800000e+000  4.6836684e-001
  9.4900000e+000  3.8713141e-001
  9.5000000e+000  8.2079036e-001
  9.5100000e+000  5.5651903e-001
  9.5200000e+000  6.2543124e-001
  9.5300000e+000  6.7970590e-001
  9.5400000e+000  1.0382661e+000
  9.5500000e+000  9.8122664e-001
  9.5600000e+000  5.6365263e-001
  9.5700000e+000  5.8461266e-001
  9.5800000e+000  4.7085934e-001
  9.5900000e+000  6.5175278e-001
  9.6000000e+000  6.5565726e-001
  9.6100000e+000  4.5335989e-001
  9.6200000e+000  5.6217114e-001
  9.6300000e+000  7.4394777e-001
  9.6400000e+000  1.5836462e-001
  9.6500000e+000  5.7017353e-001
  9.6600000e+000  5.4813857e-001
  9.6700000e+000  8.1372787e-001
  9.6800000e+000  4.1127593e-001
  9.6900000e+000  5.8979871e-001
  9.7000000e+000  9.0032270e-001
  9.7100000e+000  5.0619100e-001
  9.7200000e+000  9.8506804e-001
  9.7300000e+000  5.7763540e-001
  9.7400000e+000  7.5305193e-001
  9.7500000e+000  6.5430259e-001
  9.7600000e+000  5.9860528e-001
  9.7700000e+000  6.5089613e-001
  9.7800000e+000  5.5379643e-001
  9.7900000e+000  5.9839262e-001
  9.8000000e+000  7.6738132e-001
  9.8100000e+000  8.8138934e-001
  9.8200000e+000  5.0602877e-001
  9.8300000e+000  7.4430374e-001
  9.8400000e+000  6.2472883e-001
  9.8500000e+000  9.5409788e-001
  9.8600000e+000  5.4656477e-001
  9.8700000e+000  9.7968396e-001
  9.8800000e+000  5.6246879e-001
  9.8900000e+000  1.1048755e+000
  9.9000000e+000  8.5932956e-001
  9.9100000e+000  6.1865443e-001
  9.9200000e+000  3.9209984e-001
  9.9300000e+000  5.8062899e-001
  9.9400000e+000  1.1097264e+000
  9.9500000e+000  9.6467549e-001
  9.9600000e+000  9.9259692e-001
  9.9700000e+000  8.5315466e-001
  9.9800000e+000  1.1360003e+000
  9.9900000e+000  8.5545758e-001
  1.0000000e+001  9.4896698e-001
  1.0010000e+001  7.6441880e-001
  1.0020000e+001  6.0341109e-001
  1.0030000e+001  6.7816009e-001
  1.0040000e+001  7.5978963e-001
  1.0050000e+001  9.5976182e-001
  1.0060000e+001  5.7073415e-001
  1.0070000e+001  1.0285881e+000
  1.0080000e+001  5.8549485e-001
  1.0090000e+001  6.4558240e-001
  1.0100000e+001  7.6792652e-001
  1.0110000e+001  8.1656812e-001
  1.0120000e+001  7.4922874e-001
  1.0130000e+001  1.1901513e+000
  1.0140000e+001  1.1862534e+000
  1.0150000e+001  8.7697364e-001
  1.0160000e+001  9.6720638e-001
  1.0170000e+001  5.9368706e-001
  1.0180000e+001  8.5751346e-001
  1.0190000e+001  4.8831830e-001
  1.0200000e+001  4.5912117e-001
  1.0210000e+001  7.3019354e-001
  1.0220000e+001  3.2833973e-001
  1.0230000e+001  6.4768138e-001
  1.0240000e+001  1.0698818e+000
  1.0250000e+001  8.0818549e-001
  1.0260000e+001  8.8953393e-001
  1.0270000e+001  8.9493324e-001
  1.0280000e+001  7.7669727e-001
  1.0290000e+001  7.1129048e-001
  1.0300000e+001  6.9190460e-001
  1.0310000e+001  4.4689080e-001
  1.0320000e+001  9.0940945e-001
  1.0330000e+001  1.0166180e+000
  1.0340000e+001  8.8479751e-001
  1.0350000e+001  9.7668977e-001
  1.0360000e+001  9.6160391e-001
  1.0370000e+001  1.0011377e+000
  1.0380000e+001  1.0492037e+000
  1.0390000e+001  6.6798224e-001
  1.0400000e+001  4.9502079e-001
  1.0410000e+001  8.4626285e-001
  1.0420000e+001  7.0542294e-001
  1.0430000e+001  7.5077169e-001
  1.0440000e+001  4.2242098e-001
  1.0450000e+001  3.1732790e-001
  1.0460000e+001  8.6952318e-001
  1.0470000e+001  9.1152000e-001
  1.0480000e+001  8.3698980e-001
  1.0490000e+001  6.6899596e-001
  1.0500000e+001  4.8828618e-001
  1.0510000e+001  1.1595461e+000
  1.0520000e+001  8.0245835e-001
  1.0530000e+001  1.0054082e+000
  1.0540000e+001  3.9046016e-001
  1.0550000e+001  5.4957098e-001
  1.0560000e+001  4.6667205e-001
  1.0570000e+001  7.9308115e-001
  1.0580000e+001  7.7750975e-001
  1.0590000e+001  7.8723504e-001
  1.0600000e+001  7.0927149e-001
  1.0610000e+001  4.3641858e-001
  1.0620000e+001  8.5430014e-001
  1.0630000e+001  5.2103624e-001
  1.0640000e+001  1.3026142e+000
  1.0650000e+001  6.9621020e-001
  1.0660000e+001  9.0348368e-001
  1.0670000e+001  9.6992982e-001
  1.0680000e+001  6.4318241e-001
  1.0690000e+001  5.4893490e-001
  1.0700000e+001  1.0636534e+000
  1.0710000e+001  8.6161052e-001
  1.0720000e+001  1.0123065e+000
  1.0730000e+001  6.9241342e-001
  1.0740000e+001  6.2092845e-001
  1.0750000e+001  7.0080296e-001
  1.0760000e+001  4.6756760e-001
  1.0770000e+001  5.4155947e-001
  1.0780000e+001  7.3374470e-001
  1.0790000e+001  5.1198278e-001
  1.0800000e+001  6.1824180e-001
  1.0810000e+001  5.2150070e-001
  1.0820000e+001  9.1703183e-001
  1.0830000e+001  2.4796017e-001
  1.0840000e+001  6.6400833e-001
  1.0850000e+001  8.0704572e-001
  1.0860000e+001  6.7206991e-001
  1.0870000e+001  6.7428510e-001
  1.0880000e+001  4.0978386e-001
  1.0890000e+001  7.7789354e-001
  1.0900000e+001  3.2180565e-001
  1.0910000e+001  6.3459361e-001
  1.0920000e+001  5.7381891e-001
  1.0930000e+001  6.0449995e-001
  1.0940000e+001  8.4740348e-001
  1.0950000e+001  8.8922667e-001
  1.0960000e+001  7.6316220e-001
  1.0970000e+001  5.0700334e-001
  1.0980000e+001  8.4195126e-001
  1.0990000e+001  6.8310315e-001
  1.1000000e+001  8.9255805e-001
  1.1010000e+001  6.8106188e-001
  1.1020000e+001  7.9014745e-001
  1.1030000e+001  1.1761478e+000
  1.1040000e+001  5.9587455e-001
  1.1050000e+001  5.8456803e-001
  1.1060000e+001  6.6637799e-001
  1.1070000e+001  4.1930067e-001
  1.1080000e+001  5.2188507e-001
  1.1090000e+001  5.0640289e-001
  1.1100000e+001  4.9854862e-001
  1.1110000e+001  1.0048395e+000
  1.1120000e+001  9.6319436e-001
  1.1130000e+001  7.5020199e-001
  1.1140000e+001  7.9907741e-001
  1.1150000e+001  7.1503373e-001
  1.1160000e+001  5.9743645e-001
  1.1170000e+001  8.5426830e-001
  1.1180000e+001  3.3136140e-001
  1.1190000e+001  7.9093397e-001
  1.1200000e+001  4.6075529e-001
  1.1210000e+001  5.5314470e-001
  1.1220000e+001  8.8094951e-001
  1.1230000e+001  6.3263050e-001
  1.1240000e+001  1.1157764e+000
  1.1250000e+001  5.6195637e-001
  1.1260000e+001  9.1766459e-001
  1.1270000e+001  5.1154988e-001
  1.1280000e+001  5.4094430e-001
  1.1290000e+001  2.6489943e-001
  1.1300000e+001  5.6662828e-001
  1.1310000e+001  8.6351397e-001
  1.1320000e+001  6.9645791e-001
  1.1330000e+001  3.5363007e-001
  1.1340000e+001  8.1307217e-001
  1.1350000e+001  6.1370503e-001
  1.1360000e+001  7.2025657e-001
  1.1370000e+001  3.1585332e-001
  1.1380000e+001  4.6577837e-001
  1.1390000e+001  6.8344106e-001
  1.1400000e+001  5.8386207e-001
  1.1410000e+001  7.2333783e-001
  1.1420000e+001  4.6235545e-001
  1.1430000e+001  7.2351951e-001
  1.1440000e+001  8.8686807e-001
  1.1450000e+001  5.2874206e-001
  1.1460000e+001  9.7690963e-001
  1.1470000e+001  6.1314037e-001
  1.1480000e+001  1.0055311e+000
  1.1490000e+001  8.6941556e-001
  1.1500000e+001  1.1296351e+000
  1.1510000e+001  7.6021317e-001
  1.1520000e+001  6.7584141e-001
  1.1530000e+001  1.0223351e+000
  1.1540000e+001  2.9690847e-001
  1.1550000e+001  6.8777278e-001
  1.1560000e+001  5.8478225e-001
  1.1570000e+001  6.4740848e-001
  1.1580000e+001  7.6204429e-001
  1.1590000e+001  9.0176351e-001
  1.1600000e+001  1.0535198e+000
  1.1610000e+001  1.1029328e+000
  1.1620000e+001  6.8205479e-001
  1.1630000e+001  6.1375231e-001
  1.1640000e+001  6.8848537e-001
  1.1650000e+001  5.7124068e-001
  1.1660000e+001  8.5052086e-001
  1.1670000e+001  1.0293264e+000
  1.1680000e+001  7.4663495e-001
  1.1690000e+001  8.6281451e-001
  1.1700000e+001  5.2402233e-001
  1.1710000e+001  1.1735417e+000
  1.1720000e+001  7.8399366e-001
  1.1730000e+001  8.5223286e-001
  1.1740000e+001  8.6114090e-001
  1.1750000e+001  5.7083483e-001
  1.1760000e+001  7.1286678e-001
  1.1770000e+001  5.8816993e-001
  1.1780000e+001  5.5645316e-001
  1.1790000e+001  8.0952232e-001
  1.1800000e+001  6.7646841e-001
  1.1810000e+001  8.3276405e-001
  1.1820000e+001  3.8409550e-001
  1.1830000e+001  9.2675541e-001
  1.1840000e+001  3.1839656e-001
  1.1850000e+001  1.1306164e+000
  1.1860000e+001  7.0522938e-001
  1.1870000e+001  7.1882358e-001
  1.1880000e+001  1.1806461e+000
  1.1890000e+001  8.0621173e-001
  1.1900000e+001  5.5749011e-001
  1.1910000e+001  5.2663144e-001
  1.1920000e+001  8.7404933e-001
  1.1930000e+001  6.1710821e-001
  1.1940000e+001  7.9472262e-001
  1.1950000e+001  9.6412295e-001
  1.1960000e+001  6.5265451e-001
  1.1970000e+001  7.3986432e-001
  1.1980000e+001  8.6687822e-001
  1.1990000e+001  6.1382027e-001
  1.2000000e+001  1.0827604e+000
  1.2010000e+001  8.8807804e-001
  1.2020000e+001  6.5629903e-001
  1.2030000e+001  1.0328001e+000
  1.2040000e+001  5.3347080e-001
  1.2050000e+001  8.9399706e-001
  1.2060000e+001  6.3187729e-001
  1.2070000e+001  9.5726262e-001
  1.2080000e+001  5.8036430e-001
  1.2090000e+001  6.1270958e-001
  1.2100000e+001  6.8560696e-001
  1.2110000e+001  5.5617743e-001
  1.2120000e+001  9.5130874e-001
  1.2130000e+001  1.1543657e+000
  1.2140000e+001  8.9771707e-001
  1.2150000e+001  1.0340749e+000
  1.2160000e+001  6.3515274e-001
  1.2170000e+001  7.8091740e-001
  1.2180000e+001  8.2200339e-001
  1.2190000e+001  8.8756587e-001
  1.2200000e+001  7.4081410e-001
  1.2210000e+001  9.2858242e-001
  1.2220000e+001  4.1410708e-001
  1.2230000e+001  8.7885055e-001
  1.2240000e+001  5.7182156e-001
  1.2250000e+001  4.1876199e-001
  1.2260000e+001  8.8918226e-001
  1.2270000e+001  6.6662898e-001
  1.2280000e+001  7.9363813e-001
  1.2290000e+001  6.6762144e-001
  1.2300000e+001  9.0136445e-001
  1.2310000e+001  6.5181974e-001
  1.2320000e+001  1.1080197e+000
  1.2330000e+001  9.4885295e-001
  1.2340000e+001  7.1204470e-001
  1.2350000e+001  8.9362193e-001
  1.2360000e+001  6.6981215e-001
  1.2370000e+001  4.1751252e-001
  1.2380000e+001  6.7873686e-001
  1.2390000e+001  9.5234052e-001
  1.2400000e+001  6.8336757e-001
  1.2410000e+001  8.0847126e-001
  1.2420000e+001  5.3347946e-001
  1.2430000e+001  9.3368880e-001
  1.2440000e+001  7.0145427e-001
  1.2450000e+001  6.5887390e-001
  1.2460000e+001  6.7826943e-001
  1.2470000e+001  6.6954258e-001
  1.2480000e+001  1.1714778e+000
  1.2490000e+001  6.7751201e-001
  1.2500000e+001  7.2840361e-001
