  0.0000000e+000 -6.8813799e-003
  1.0000000e-002  1.3158711e-001
  2.0000000e-002  8.5640760e-002
  3.0000000e-002  7.8862888e-003
  4.0000000e-002 -1.0898118e-001
  5.0000000e-002 -1.0193454e-001
  6.0000000e-002  3.4484281e-002
  7.0000000e-002 -8.5166952e-002
  8.0000000e-002 -2.9714917e-001
  9.0000000e-002  4.0672902e-001
  1.0000000e-001  7.7527232e-002
  1.1000000e-001  9.8403822e-003
  1.2000000e-001 -2.4799827e-001
  1.3000000e-001 -2.0780417e-002
  1.4000000e-001  8.0838966e-002
  1.5000000e-001  3.9756391e-001
  1.6000000e-001  2.5557743e-001
  1.7000000e-001 -3.2935999e-001
  1.8000000e-001 -2.7423119e-001
  1.9000000e-001 -2.8253203e-001
  2.0000000e-001 -1.9780027e-002
  2.1000000e-001 -5.0543696e-001
  2.2000000e-001 -1.1000048e-001
  2.3000000e-001 -3.4779680e-002
  2.4000000e-001 -3.0647175e-001
  2.5000000e-001  3.3120664e-002
  2.6000000e-001 -1.6946923e-002
  2.7000000e-001  8.2551884e-002
  2.8000000e-001  9.2959077e-002
  2.9000000e-001  3.3148327e-001
  3.0000000e-001 -3.2893513e-001
  3.1000000e-001 -6.2939335e-001
  3.2000000e-001 -8.0690374e-003
  3.3000000e-001 -1.3023340e-001
  3.4000000e-001 -2.4015749e-001
  3.5000000e-001  4.5316909e-002
  3.6000000e-001 -1.1103925e-001
  3.7000000e-001 -2.1936467e-001
  3.8000000e-001 -4.9948302e-001
  3.9000000e-001  1.6612134e-001
  4.0000000e-001 -4.6399295e-001
  4.1000000e-001 -2.5009585e-002
  4.2000000e-001  1.1651636e-001
  4.3000000e-001  8.0934791e-002
  4.4000000e-001 -2.3328024e-001
  4.5000000e-001 -2.8418295e-003
  4.6000000e-001  4.9595244e-001
  4.7000000e-001 -9.1647186e-002
  4.8000000e-001  6.3239225e-002
  4.9000000e-001  8.8548200e-003
  5.0000000e-001 -1.2713522e-001
  5.1000000e-001 -4.3708076e-001
  5.2000000e-001  1.2339991e-001
  5.3000000e-001 -6.6330978e-002
  5.4000000e-001 -1.2972103e-001
  5.5000000e-001 -3.2700718e-001
  5.6000000e-001  1.0742423e-001
  5.7000000e-001 -1.6814739e-001
  5.8000000e-001 -6.6576974e-001
  5.9000000e-001 -2.8811327e-001
  6.0000000e-001 -5.5740449e-002
  6.1000000e-001 -1.6491096e-001
  6.2000000e-001 -3.8246346e-001
  6.3000000e-001 -4.5480090e-001
  6.4000000e-001 -6.8001695e-001
  6.5000000e-001 -5.6373864e-002
  6.6000000e-001  2.3222052e-001
  6.7000000e-001 -2.1576804e-003
  6.8000000e-001 -1.3632930e-001
  6.9000000e-001  5.4674250e-002
  7.0000000e-001 -3.8320067e-001
  7.1000000e-001 -3.6694905e-001
  7.2000000e-001 -3.0838367e-001
  7.3000000e-001 -2.0359639e-001
  7.4000000e-001  1.2560756e-001
  7.5000000e-001 -1.4038794e-001
  7.6000000e-001 -2.8592278e-001
  7.7000000e-001 -1.4384600e-001
  7.8000000e-001 -5.2720462e-001
  7.9000000e-001  1.3926355e-001
  8.0000000e-001 -3.8670622e-001
  8.1000000e-001 -2.5381988e-001
  8.2000000e-001 -1.0198909e-002
  8.3000000e-001 -4.9844377e-001
  8.4000000e-001  4.6858487e-002
  8.5000000e-001 -6.7694786e-002
  8.6000000e-001 -2.4206234e-001
  8.7000000e-001  1.0696047e-003
  8.8000000e-001 -4.9302747e-002
  8.9000000e-001  6.4040970e-002
  9.0000000e-001 -4.9970121e-002
  9.1000000e-001 -3.7715036e-001
  9.2000000e-001 -5.3737053e-002
  9.3000000e-001 -8.7128283e-002
  9.4000000e-001  1.7521750e-004
  9.5000000e-001 -1.2787842e-001
  9.6000000e-001 -3.9336383e-002
  9.7000000e-001 -3.4113070e-002
  9.8000000e-001 -2.9105399e-001
  9.9000000e-001 -5.6168772e-001
  1.0000000e+000  5.6285018e-002
  1.0100000e+000 -2.8115894e-001
  1.0200000e+000 -3.4344154e-001
  1.0300000e+000  5.9286816e-002
  1.0400000e+000 -2.4589246e-001
  1.0500000e+000 -1.5977040e-001
  1.0600000e+000 -4.1305293e-001
  1.0700000e+000 -3.4035590e-001
  1.0800000e+000 -2.1544410e-001
  1.0900000e+000 -3.3957220e-003
  1.1000000e+000 -1.3553987e-001
  1.1100000e+000 -4.9457495e-001
  1.1200000e+000 -1.9489004e-001
  1.1300000e+000  2.1967118e-002
  1.1400000e+000  7.1631805e-002
  1.1500000e+000  1.4076819e-001
  1.1600000e+000 -1.7131320e-001
  1.1700000e+000  3.4789568e-001
  1.1800000e+000  3.0213110e-001
  1.1900000e+000 -1.2173667e-001
  1.2000000e+000 -4.3192873e-001
  1.2100000e+000 -2.2148161e-001
  1.2200000e+000 -6.3188876e-002
  1.2300000e+000 -2.9113755e-002
  1.2400000e+000  1.4461366e-001
  1.2500000e+000 -4.2993671e-002
  1.2600000e+000  8.5090379e-002
  1.2700000e+000 -3.1983685e-001
  1.2800000e+000  3.6677459e-001
  1.2900000e+000  1.0193429e-001
  1.3000000e+000  1.1196130e-001
  1.3100000e+000  2.0880629e-001
  1.3200000e+000  2.5939827e-001
  1.3300000e+000 -2.9536278e-002
  1.3400000e+000 -2.1941690e-001
  1.3500000e+000  1.0820719e-001
  1.3600000e+000 -2.0189950e-001
  1.3700000e+000 -1.2028558e-001
  1.3800000e+000 -1.5208412e-001
  1.3900000e+000  4.7083377e-001
  1.4000000e+000  1.1286121e-001
  1.4100000e+000  3.3051510e-001
  1.4200000e+000 -3.4977186e-001
  1.4300000e+000  2.6505471e-002
  1.4400000e+000  5.9591853e-001
  1.4500000e+000  3.2759960e-001
  1.4600000e+000  1.7010475e-001
  1.4700000e+000 -1.3491368e-001
  1.4800000e+000  3.0532832e-001
  1.4900000e+000  4.6565787e-002
  1.5000000e+000 -1.7714423e-001
  1.5100000e+000 -6.5847733e-002
  1.5200000e+000 -1.7397418e-001
  1.5300000e+000  1.6802465e-001
  1.5400000e+000 -4.3259001e-002
  1.5500000e+000  2.1259619e-001
  1.5600000e+000  4.8615126e-002
  1.5700000e+000 -1.1891520e-001
  1.5800000e+000  3.0850554e-001
  1.5900000e+000  3.0778791e-002
  1.6000000e+000  8.7037450e-002
  1.6100000e+000 -2.6223143e-002
  1.6200000e+000 -1.4966208e-002
  1.6300000e+000  4.0189052e-001
  1.6400000e+000 -3.0705749e-001
  1.6500000e+000 -1.2016820e-001
  1.6600000e+000  2.2579243e-001
  1.6700000e+000 -7.7239916e-002
  1.6800000e+000  2.3766204e-001
  1.6900000e+000  1.2577707e-001
  1.7000000e+000  2.7471368e-001
  1.7100000e+000  1.0781299e-001
  1.7200000e+000  9.7098792e-002
  1.7300000e+000  1.1839883e-001
  1.7400000e+000  5.1439334e-002
  1.7500000e+000  2.9149295e-001
  1.7600000e+000  2.6394236e-001
  1.7700000e+000  3.7872295e-001
  1.7800000e+000 -8.1778905e-002
  1.7900000e+000  3.8160569e-001
  1.8000000e+000  4.9447150e-001
  1.8100000e+000 -5.2150349e-002
  1.8200000e+000  1.9653245e-001
  1.8300000e+000  8.8952487e-002
  1.8400000e+000  4.1081964e-001
  1.8500000e+000  2.3992354e-001
  1.8600000e+000  5.7022674e-001
  1.8700000e+000  6.5762819e-001
  1.8800000e+000  4.3370128e-001
  1.8900000e+000  3.4882780e-001
  1.9000000e+000  4.9280866e-001
  1.9100000e+000  1.5098128e-001
  1.9200000e+000  4.4296890e-001
  1.9300000e+000  2.6019477e-001
  1.9400000e+000  1.9606695e-001
  1.9500000e+000  2.7993515e-001
  1.9600000e+000  3.0758715e-001
  1.9700000e+000 -1.5870528e-001
  1.9800000e+000  1.5613267e-001
  1.9900000e+000  2.7288933e-001
  2.0000000e+000  8.7086897e-002
  2.0100000e+000  2.8438904e-001
  2.0200000e+000  1.9658930e-001
  2.0300000e+000  4.0069083e-001
  2.0400000e+000  4.9445388e-001
  2.0500000e+000  1.8232877e-001
  2.0600000e+000  2.1191565e-001
  2.0700000e+000  1.4869306e-001
  2.0800000e+000  4.0075004e-001
  2.0900000e+000  7.9971795e-002
  2.1000000e+000  3.8376829e-001
  2.1100000e+000  1.7386115e-001
  2.1200000e+000  2.5162065e-001
  2.1300000e+000  2.5980984e-001
  2.1400000e+000  2.2432324e-001
  2.1500000e+000  6.2989738e-001
  2.1600000e+000  4.1677881e-001
  2.1700000e+000  2.5209907e-001
  2.1800000e+000  5.9780791e-001
  2.1900000e+000  3.6788326e-001
  2.2000000e+000  4.6687188e-001
  2.2100000e+000  5.1034763e-001
  2.2200000e+000  5.7762080e-001
  2.2300000e+000  4.6336647e-001
  2.2400000e+000  1.5612387e-001
  2.2500000e+000 -2.9069622e-003
  2.2600000e+000  6.8585525e-001
  2.2700000e+000  2.1721224e-001
  2.2800000e+000  3.0190724e-001
  2.2900000e+000  5.4904738e-001
  2.3000000e+000  4.7129199e-001
  2.3100000e+000 -7.7929936e-002
  2.3200000e+000  2.1830413e-001
  2.3300000e+000  3.7809360e-001
  2.3400000e+000  4.9126517e-001
  2.3500000e+000  1.0271089e+000
  2.3600000e+000  6.4816280e-001
  2.3700000e+000  5.9990961e-001
  2.3800000e+000  6.0437099e-001
  2.3900000e+000  6.0597307e-001
  2.4000000e+000  9.6005287e-001
  2.4100000e+000  4.1406743e-001
  2.4200000e+000  3.3913533e-001
  2.4300000e+000  2.6672538e-001
  2.4400000e+000  9.1286286e-001
  2.4500000e+000  1.4821909e-001
  2.4600000e+000  4.2514989e-001
  2.4700000e+000  6.6896983e-001
  2.4800000e+000  5.3792829e-001
  2.4900000e+000  6.6101344e-001
  2.5000000e+000  6.0323447e-001
  2.5100000e+000  4.2284044e-001
  2.5200000e+000  7.8674617e-001
  2.5300000e+000  5.7613237e-001
  2.5400000e+000  7.5137472e-001
  2.5500000e+000  7.6825431e-001
  2.5600000e+000  5.4808187e-001
  2.5700000e+000  1.1146672e+000
  2.5800000e+000  5.4505302e-001
  2.5900000e+000  7.6608074e-001
  2.6000000e+000  7.4146078e-001
  2.6100000e+000  7.5867690e-001
  2.6200000e+000  4.9028197e-001
  2.6300000e+000  3.9144428e-001
  2.6400000e+000  8.4001584e-001
  2.6500000e+000  8.1929328e-001
  2.6600000e+000  6.8215388e-001
  2.6700000e+000  8.0795868e-001
  2.6800000e+000  6.5253841e-001
  2.6900000e+000  4.6250940e-001
  2.7000000e+000  7.5868434e-001
  2.7100000e+000  3.4556561e-001
  2.7200000e+000  6.1793130e-001
  2.7300000e+000  8.3303646e-001
  2.7400000e+000  4.6153439e-001
  2.7500000e+000  8.1058587e-001
  2.7600000e+000  6.2975587e-001
  2.7700000e+000  3.7151121e-001
  2.7800000e+000  5.3339007e-001
  2.7900000e+000  7.5207944e-001
  2.8000000e+000  8.5676699e-001
  2.8100000e+000  6.8887270e-001
  2.8200000e+000  5.1317071e-001
  2.8300000e+000  5.1492670e-001
  2.8400000e+000  6.3033819e-001
  2.8500000e+000  9.0636974e-001
  2.8600000e+000  9.0433124e-001
  2.8700000e+000  7.6555793e-001
  2.8800000e+000  9.8657035e-001
  2.8900000e+000  9.4423295e-001
  2.9000000e+000  9.3254988e-001
  2.9100000e+000  7.2025860e-001
  2.9200000e+000  7.8069725e-001
  2.9300000e+000  8.8198081e-001
  2.9400000e+000  3.9191484e-001
  2.9500000e+000  7.1108665e-001
  2.9600000e+000  7.1147385e-001
  2.9700000e+000  6.1384016e-001
  2.9800000e+000  7.3103454e-001
  2.9900000e+000  3.5690128e-001
  3.0000000e+000  6.8322603e-001
  3.0100000e+000  8.9650855e-001
  3.0200000e+000  1.0077449e+000
  3.0300000e+000  7.0425133e-001
  3.0400000e+000  1.9600718e-001
  3.0500000e+000  3.2263012e-001
  3.0600000e+000  5.3081729e-001
  3.0700000e+000  9.8606165e-001
  3.0800000e+000  8.0466865e-001
  3.0900000e+000  9.0701434e-001
  3.1000000e+000  1.0113757e+000
  3.1100000e+000  7.6030175e-001
  3.1200000e+000  1.1616438e+000
  3.1300000e+000  8.0884876e-001
  3.1400000e+000  6.8429600e-001
  3.1500000e+000  9.5174273e-001
  3.1600000e+000  7.2186505e-001
  3.1700000e+000  7.8817129e-001
  3.1800000e+000  7.4212648e-001
  3.1900000e+000  1.1389224e+000
  3.2000000e+000  7.7543644e-001
  3.2100000e+000  7.5363513e-001
  3.2200000e+000  4.1118250e-001
  3.2300000e+000  6.5065593e-001
  3.2400000e+000  8.8720668e-001
  3.2500000e+000  7.3103363e-001
  3.2600000e+000  6.5187555e-001
  3.2700000e+000  9.0632839e-001
  3.2800000e+000  8.8360020e-001
  3.2900000e+000  1.1316271e+000
  3.3000000e+000  4.0937377e-001
  3.3100000e+000  9.6727490e-001
  3.3200000e+000  8.6083865e-001
  3.3300000e+000  7.8512565e-001
  3.3400000e+000  5.4708330e-001
  3.3500000e+000  5.4562491e-001
  3.3600000e+000  8.6587463e-001
  3.3700000e+000  1.2703565e+000
  3.3800000e+000  8.1719777e-001
  3.3900000e+000  8.8298461e-001
  3.4000000e+000  8.9316298e-001
  3.4100000e+000  8.9752457e-001
  3.4200000e+000  6.8035389e-001
  3.4300000e+000  8.8450655e-001
  3.4400000e+000  7.7824688e-001
  3.4500000e+000  1.2614711e+000
  3.4600000e+000  8.2649121e-001
  3.4700000e+000  1.1367126e+000
  3.4800000e+000  8.8682874e-001
  3.4900000e+000  3.8281838e-001
  3.5000000e+000  4.7084509e-001
  3.5100000e+000  9.4940486e-001
  3.5200000e+000  1.0264175e+000
  3.5300000e+000  7.4360004e-001
  3.5400000e+000  7.2474850e-001
  3.5500000e+000  1.0742670e+000
  3.5600000e+000  6.8432821e-001
  3.5700000e+000  9.4758458e-001
  3.5800000e+000  8.0155191e-001
  3.5900000e+000  7.1864702e-001
  3.6000000e+000  9.7766345e-001
  3.6100000e+000  7.5243572e-001
  3.6200000e+000  1.0031397e+000
  3.6300000e+000  7.0137155e-001
  3.6400000e+000  9.4622409e-001
  3.6500000e+000  9.8148164e-001
  3.6600000e+000  6.1291782e-001
  3.6700000e+000  5.2928032e-001
  3.6800000e+000  8.1385963e-001
  3.6900000e+000  8.4567718e-001
  3.7000000e+000  8.8969875e-001
  3.7100000e+000  6.7625510e-001
  3.7200000e+000  1.0982215e+000
  3.7300000e+000  6.3725414e-001
  3.7400000e+000  1.0929302e+000
  3.7500000e+000  1.3619430e+000
  3.7600000e+000  7.5646307e-001
  3.7700000e+000  9.9157633e-001
  3.7800000e+000  5.8548626e-001
  3.7900000e+000  9.5397229e-001
  3.8000000e+000  4.5418274e-001
  3.8100000e+000  1.2657667e+000
  3.8200000e+000  1.0331927e+000
  3.8300000e+000  9.3465581e-001
  3.8400000e+000  9.6454774e-001
  3.8500000e+000  1.1115497e+000
  3.8600000e+000  7.5259793e-001
  3.8700000e+000  6.6680365e-001
  3.8800000e+000  1.0340056e+000
  3.8900000e+000  5.9448898e-001
  3.9000000e+000  5.6527450e-001
  3.9100000e+000  8.7619634e-001
  3.9200000e+000  8.9654941e-001
  3.9300000e+000  5.5861274e-001
  3.9400000e+000  6.5475886e-001
  3.9500000e+000  1.0308780e+000
  3.9600000e+000  1.0448165e+000
  3.9700000e+000  1.2459191e+000
  3.9800000e+000  8.3434432e-001
  3.9900000e+000  8.5450480e-001
  4.0000000e+000  7.7793162e-001
  4.0100000e+000  3.9310261e-001
  4.0200000e+000  1.0828563e+000
  4.0300000e+000  7.5302795e-001
  4.0400000e+000  9.1055886e-001
  4.0500000e+000  1.0165514e+000
  4.0600000e+000  9.8470321e-001
  4.0700000e+000  9.6202584e-001
  4.0800000e+000  1.0106430e+000
  4.0900000e+000  8.3879424e-001
  4.1000000e+000  9.5308237e-001
  4.1100000e+000  1.1630793e+000
  4.1200000e+000  8.0165471e-001
  4.1300000e+000  8.4875912e-001
  4.1400000e+000  1.1704239e+000
  4.1500000e+000  8.3783452e-001
  4.1600000e+000  1.0508767e+000
  4.1700000e+000  7.9651979e-001
  4.1800000e+000  5.1344170e-001
  4.1900000e+000  5.1395410e-001
  4.2000000e+000  7.6474644e-001
  4.2100000e+000  6.5039017e-001
  4.2200000e+000  1.0740548e+000
  4.2300000e+000  1.0507191e+000
  4.2400000e+000  7.1454778e-001
  4.2500000e+000  9.1895525e-001
  4.2600000e+000  9.7980753e-001
  4.2700000e+000  8.0703649e-001
  4.2800000e+000  1.0471085e+000
  4.2900000e+000  8.6394489e-001
  4.3000000e+000  1.0281606e+000
  4.3100000e+000  3.7525656e-001
  4.3200000e+000  7.0500820e-001
  4.3300000e+000  4.1638671e-001
  4.3400000e+000  1.1590407e+000
  4.3500000e+000  9.1580466e-001
  4.3600000e+000  6.8057897e-001
  4.3700000e+000  1.1589600e+000
  4.3800000e+000  1.0082314e+000
  4.3900000e+000  8.9636195e-001
  4.4000000e+000  9.8033259e-001
  4.4100000e+000  7.7746721e-001
  4.4200000e+000  7.2330299e-001
  4.4300000e+000  1.0235853e+000
  4.4400000e+000  1.0344544e+000
  4.4500000e+000  9.3974243e-001
  4.4600000e+000  4.1084605e-001
  4.4700000e+000  8.3743066e-001
  4.4800000e+000  5.3180646e-001
  4.4900000e+000  8.1663806e-001
  4.5000000e+000  8.6460100e-001
  4.5100000e+000  1.0198396e+000
  4.5200000e+000  4.8349164e-001
  4.5300000e+000  8.8159138e-001
  4.5400000e+000  7.4005727e-001
  4.5500000e+000  1.1124073e+000
  4.5600000e+000  7.7482580e-001
  4.5700000e+000  9.4526098e-001
  4.5800000e+000  1.0200289e+000
  4.5900000e+000  8.4816056e-001
  4.6000000e+000  1.0900955e+000
  4.6100000e+000  9.5418140e-001
  4.6200000e+000  9.3851079e-001
  4.6300000e+000  7.1229719e-001
  4.6400000e+000  9.6502482e-001
  4.6500000e+000  1.0004207e+000
  4.6600000e+000  8.2369253e-001
  4.6700000e+000  1.0522482e+000
  4.6800000e+000  9.1779822e-001
  4.6900000e+000  7.2328325e-001
  4.7000000e+000  1.1147175e+000
  4.7100000e+000  8.1539395e-001
  4.7200000e+000  8.3505716e-001
  4.7300000e+000  1.0542718e+000
  4.7400000e+000  1.1839222e+000
  4.7500000e+000  9.6499113e-001
  4.7600000e+000  9.2417503e-001
  4.7700000e+000  1.0987161e+000
  4.7800000e+000  7.9134292e-001
  4.7900000e+000  9.0901746e-001
  4.8000000e+000  3.8826783e-001
  4.8100000e+000  8.5396509e-001
  4.8200000e+000  6.5338448e-001
  4.8300000e+000  5.3101994e-001
  4.8400000e+000  6.6421661e-001
  4.8500000e+000  1.0861736e+000
  4.8600000e+000  1.1827791e+000
  4.8700000e+000  8.6012210e-001
  4.8800000e+000  1.0946088e+000
  4.8900000e+000  7.7600505e-001
  4.9000000e+000  5.0677537e-001
  4.9100000e+000  7.5788900e-001
  4.9200000e+000  6.1994519e-001
  4.9300000e+000  9.5033910e-001
  4.9400000e+000  8.1893264e-001
  4.9500000e+000  8.9404094e-001
  4.9600000e+000  1.2081008e+000
  4.9700000e+000  7.8205098e-001
  4.9800000e+000  7.2183803e-001
  4.9900000e+000  9.8738235e-001
  5.0000000e+000  8.9823696e-001
  5.0100000e+000  7.5931199e-001
  5.0200000e+000  7.8380460e-001
  5.0300000e+000  1.0624593e+000
  5.0400000e+000  8.5529192e-001
  5.0500000e+000  8.5517378e-001
  5.0600000e+000  9.8765827e-001
  5.0700000e+000  7.0599109e-001
  5.0800000e+000  7.4841043e-001
  5.0900000e+000  8.5267587e-001
  5.1000000e+000  9.2308847e-001
  5.1100000e+000  1.0296459e+000
  5.1200000e+000  1.0780970e+000
  5.1300000e+000  8.4745431e-001
  5.1400000e+000  8.9828009e-001
  5.1500000e+000  5.8309881e-001
  5.1600000e+000  8.6902579e-001
  5.1700000e+000  7.9716670e-001
  5.1800000e+000  9.9305634e-001
  5.1900000e+000  1.0819072e+000
  5.2000000e+000  1.0412972e+000
  5.2100000e+000  1.1851464e+000
  5.2200000e+000  9.0619073e-001
  5.2300000e+000  1.1571636e+000
  5.2400000e+000  1.2415734e+000
  5.2500000e+000  8.6348470e-001
  5.2600000e+000  9.1723152e-001
  5.2700000e+000  1.1204072e+000
  5.2800000e+000  6.6443334e-001
  5.2900000e+000  1.0626430e+000
  5.3000000e+000  5.6558243e-001
  5.3100000e+000  9.0908305e-001
  5.3200000e+000  3.4438086e-001
  5.3300000e+000  7.9342372e-001
  5.3400000e+000  1.0782463e+000
  5.3500000e+000  9.2481534e-001
  5.3600000e+000  7.8466096e-001
  5.3700000e+000  5.8235517e-001
  5.3800000e+000  7.7862063e-001
  5.3900000e+000  8.5849856e-001
  5.4000000e+000  1.2799314e+000
  5.4100000e+000  1.1801820e+000
  5.4200000e+000  7.8617775e-001
  5.4300000e+000  9.1202350e-001
  5.4400000e+000  1.2035326e+000
  5.4500000e+000  5.7842141e-001
  5.4600000e+000  9.6628659e-001
  5.4700000e+000  9.7075140e-001
  5.4800000e+000  6.0972794e-001
  5.4900000e+000  5.4294052e-001
  5.5000000e+000  6.7207313e-001
  5.5100000e+000  5.5550272e-001
  5.5200000e+000  4.2529360e-001
  5.5300000e+000  2.9867408e-001
  5.5400000e+000  1.0319701e+000
  5.5500000e+000  5.4918382e-001
  5.5600000e+000  9.5468885e-001
  5.5700000e+000  9.2489879e-001
  5.5800000e+000  1.0617986e+000
  5.5900000e+000  8.0299999e-001
  5.6000000e+000  9.2999250e-001
  5.6100000e+000  9.6323062e-001
  5.6200000e+000  8.3602337e-001
  5.6300000e+000  5.9426889e-001
  5.6400000e+000  1.1051197e+000
  5.6500000e+000  8.2260829e-001
  5.6600000e+000  1.1067853e+000
  5.6700000e+000  3.6525822e-001
  5.6800000e+000  5.0749915e-001
  5.6900000e+000  4.9123561e-001
  5.7000000e+000  4.6046570e-001
  5.7100000e+000  7.3524024e-001
  5.7200000e+000  7.5683282e-001
  5.7300000e+000  9.1814522e-001
  5.7400000e+000  7.9292370e-001
  5.7500000e+000  8.6429685e-001
  5.7600000e+000  1.0753701e+000
  5.7700000e+000  6.5683671e-001
  5.7800000e+000  1.0672003e+000
  5.7900000e+000  5.2028727e-001
  5.8000000e+000  1.1951629e+000
  5.8100000e+000  5.8216408e-001
  5.8200000e+000  6.7613940e-001
  5.8300000e+000  7.3879260e-001
  5.8400000e+000  7.0265452e-001
  5.8500000e+000  7.7682568e-001
  5.8600000e+000  1.0189315e+000
  5.8700000e+000  7.4907480e-001
  5.8800000e+000  6.5194010e-001
  5.8900000e+000  7.1722170e-001
  5.9000000e+000  4.6770712e-001
  5.9100000e+000  6.5421583e-001
  5.9200000e+000  9.1560087e-001
  5.9300000e+000  9.7847633e-001
  5.9400000e+000  8.9399526e-001
  5.9500000e+000  4.7425497e-001
  5.9600000e+000  1.2560778e+000
  5.9700000e+000  1.0307445e+000
  5.9800000e+000  8.5702423e-001
  5.9900000e+000  5.9441014e-001
  6.0000000e+000  6.4150268e-001
  6.0100000e+000  4.3979369e-001
  6.0200000e+000  4.6204766e-001
  6.0300000e+000  3.5813740e-001
  6.0400000e+000  1.1223474e+000
  6.0500000e+000  4.3729450e-001
  6.0600000e+000  8.1230660e-001
  6.0700000e+000  8.5709313e-001
  6.0800000e+000  7.7965206e-001
  6.0900000e+000  9.7962099e-001
  6.1000000e+000  7.6116628e-001
  6.1100000e+000  5.9589598e-001
  6.1200000e+000  4.0223739e-001
  6.1300000e+000  8.0755653e-001
  6.1400000e+000  8.2455782e-001
  6.1500000e+000  6.9546203e-001
  6.1600000e+000  5.6327313e-001
  6.1700000e+000  6.2365240e-001
  6.1800000e+000  8.8683635e-001
  6.1900000e+000  9.5756281e-001
  6.2000000e+000  1.2470191e+000
  6.2100000e+000  9.4697040e-001
  6.2200000e+000  8.3594362e-001
  6.2300000e+000  9.4342751e-001
  6.2400000e+000  7.3660837e-001
  6.2500000e+000  9.6745237e-001
  6.2600000e+000  8.1763587e-001
  6.2700000e+000  9.5419584e-001
  6.2800000e+000  3.5694850e-001
  6.2900000e+000  7.7395217e-001
  6.3000000e+000  6.1031735e-001
  6.3100000e+000  5.8533115e-001
  6.3200000e+000  5.9158303e-001
  6.3300000e+000  8.1184572e-001
  6.3400000e+000  8.3281509e-001
  6.3500000e+000  5.9821798e-001
  6.3600000e+000  7.8721898e-001
  6.3700000e+000  8.3710434e-001
  6.3800000e+000  9.0849690e-001
  6.3900000e+000  5.4926270e-001
  6.4000000e+000  8.6798001e-001
  6.4100000e+000  6.6958512e-001
  6.4200000e+000  4.1749529e-001
  6.4300000e+000  7.0763172e-001
  6.4400000e+000  7.9864342e-001
  6.4500000e+000  5.4902990e-001
  6.4600000e+000  8.4668897e-001
  6.4700000e+000  6.1286036e-001
  6.4800000e+000  1.0323854e+000
  6.4900000e+000  1.0371513e+000
  6.5000000e+000  8.7146537e-001
  6.5100000e+000  7.6387728e-001
  6.5200000e+000  5.2511557e-001
  6.5300000e+000  8.7012803e-001
  6.5400000e+000  7.9994440e-001
  6.5500000e+000  8.5717241e-001
  6.5600000e+000  5.3049239e-001
  6.5700000e+000  1.2220305e+000
  6.5800000e+000  7.7024034e-001
  6.5900000e+000  5.8341760e-001
  6.6000000e+000  1.0015034e+000
  6.6100000e+000  8.0485410e-001
  6.6200000e+000  7.7311825e-001
  6.6300000e+000  8.7851464e-001
  6.6400000e+000  5.3371935e-001
  6.6500000e+000  6.9613539e-001
  6.6600000e+000  5.2977720e-001
  6.6700000e+000  7.8712958e-001
  6.6800000e+000  8.2056810e-001
  6.6900000e+000  9.0107549e-001
  6.7000000e+000  3.2624761e-001
  6.7100000e+000  1.0036643e+000
  6.7200000e+000  7.1521558e-001
  6.7300000e+000  7.8201451e-001
  6.7400000e+000  6.7342263e-001
  6.7500000e+000  5.9421822e-001
  6.7600000e+000  4.7553691e-001
  6.7700000e+000  8.4064624e-001
  6.7800000e+000  7.4411087e-001
  6.7900000e+000  6.7824901e-001
  6.8000000e+000  7.2331912e-001
  6.8100000e+000  7.7621637e-001
  6.8200000e+000  1.0859971e+000
  6.8300000e+000  6.4149708e-001
  6.8400000e+000  5.2376935e-001
  6.8500000e+000  6.9348135e-001
  6.8600000e+000  6.7118139e-001
  6.8700000e+000  5.0469012e-001
  6.8800000e+000  8.2338355e-001
  6.8900000e+000  8.4568632e-001
  6.9000000e+000  6.0198966e-001
  6.9100000e+000  8.8184386e-001
  6.9200000e+000  6.7052426e-001
  6.9300000e+000  7.1356299e-001
  6.9400000e+000  7.9516727e-001
  6.9500000e+000  7.4187072e-001
  6.9600000e+000  6.3887819e-001
  6.9700000e+000  8.6690422e-001
  6.9800000e+000  6.5573274e-001
  6.9900000e+000  7.7872942e-001
  7.0000000e+000  8.5797534e-001
  7.0100000e+000  7.8331543e-001
  7.0200000e+000  5.4209017e-001
  7.0300000e+000  8.9099026e-001
  7.0400000e+000  5.9719031e-001
  7.0500000e+000  6.3679318e-001
  7.0600000e+000  7.0318360e-001
  7.0700000e+000  1.0292185e+000
  7.0800000e+000  1.1374706e+000
  7.0900000e+000  5.9397327e-001
  7.1000000e+000  5.6884630e-001
  7.1100000e+000  5.4117840e-001
  7.1200000e+000  7.8849593e-001
  7.1300000e+000  6.3752114e-001
  7.1400000e+000  7.9606259e-001
  7.1500000e+000  6.0918865e-001
  7.1600000e+000  7.7445520e-001
  7.1700000e+000  9.3746917e-001
  7.1800000e+000  7.1905989e-001
  7.1900000e+000  5.5350272e-001
  7.2000000e+000  1.1387190e+000
  7.2100000e+000  7.7166817e-001
  7.2200000e+000  7.8962760e-001
  7.2300000e+000  1.0961063e+000
  7.2400000e+000  7.3627755e-001
  7.2500000e+000  5.8866173e-001
  7.2600000e+000  1.2084006e+000
  7.2700000e+000  5.7017390e-001
  7.2800000e+000  8.8743959e-001
  7.2900000e+000  5.1353412e-001
  7.3000000e+000  9.6088089e-001
  7.3100000e+000  5.0341958e-001
  7.3200000e+000  7.2734670e-001
  7.3300000e+000  6.2930704e-001
  7.3400000e+000  9.9388492e-001
  7.3500000e+000  5.1807686e-001
  7.3600000e+000  4.3911280e-001
  7.3700000e+000  7.6427203e-001
  7.3800000e+000  7.1631363e-001
  7.3900000e+000  6.3869222e-001
  7.4000000e+000  7.7907772e-001
  7.4100000e+000  5.4118391e-001
  7.4200000e+000  6.7956087e-001
  7.4300000e+000  6.2041620e-001
  7.4400000e+000  1.0027029e+000
  7.4500000e+000  9.5651052e-001
  7.4600000e+000  9.3303327e-001
  7.4700000e+000  9.9218080e-001
  7.4800000e+000  8.7085528e-001
  7.4900000e+000  5.8791017e-001
  7.5000000e+000  4.1253767e-001
  7.5100000e+000  4.2938586e-001
  7.5200000e+000  1.4011572e-001
  7.5300000e+000  4.2119916e-001
  7.5400000e+000  8.1074348e-001
  7.5500000e+000  6.4005592e-001
  7.5600000e+000  8.3030874e-001
  7.5700000e+000  8.2197605e-001
  7.5800000e+000  8.2912888e-001
  7.5900000e+000  8.8159098e-001
  7.6000000e+000  9.5113097e-001
  7.6100000e+000  7.2330459e-001
  7.6200000e+000  5.1898627e-001
  7.6300000e+000  6.6187386e-001
  7.6400000e+000  6.6483453e-001
  7.6500000e+000  4.3150291e-001
  7.6600000e+000  3.7956381e-001
  7.6700000e+000  7.0523375e-001
  7.6800000e+000  5.9555689e-001
  7.6900000e+000  5.0878615e-001
  7.7000000e+000  8.8725030e-001
  7.7100000e+000  8.6622146e-001
  7.7200000e+000  8.2363152e-001
  7.7300000e+000  6.3474465e-001
  7.7400000e+000  7.3306774e-001
  7.7500000e+000  6.8420145e-001
  7.7600000e+000  8.2035008e-001
  7.7700000e+000  9.7008028e-001
  7.7800000e+000  7.1709431e-001
  7.7900000e+000  6.5054588e-001
  7.8000000e+000  7.9829117e-001
  7.8100000e+000  7.5664628e-001
  7.8200000e+000  7.4667049e-001
  7.8300000e+000  1.0409589e+000
  7.8400000e+000  1.0206655e+000
  7.8500000e+000  5.7024336e-001
  7.8600000e+000  5.2137121e-001
  7.8700000e+000  4.8540141e-001
  7.8800000e+000  3.9942105e-001
  7.8900000e+000  2.7771750e-001
  7.9000000e+000  5.6330944e-001
  7.9100000e+000  9.4673256e-001
  7.9200000e+000  8.1460158e-001
  7.9300000e+000  7.3976863e-001
  7.9400000e+000  6.6147896e-001
  7.9500000e+000  6.3838304e-001
  7.9600000e+000  7.5578381e-001
  7.9700000e+000  8.0363626e-001
  7.9800000e+000  5.0257986e-001
  7.9900000e+000  8.7339399e-001
  8.0000000e+000  7.9741928e-001
  8.0100000e+000  4.8314443e-001
  8.0200000e+000  7.3807851e-001
  8.0300000e+000  9.2786584e-001
  8.0400000e+000  5.9610373e-001
  8.0500000e+000  7.4998569e-001
  8.0600000e+000  7.3916862e-001
  8.0700000e+000  6.8559300e-001
  8.0800000e+000  8.7758900e-001
  8.0900000e+000  1.1002327e+000
  8.1000000e+000  7.7882231e-001
  8.1100000e+000  5.0300579e-001
  8.1200000e+000  8.4565999e-001
  8.1300000e+000  6.4982783e-001
  8.1400000e+000  6.4577651e-001
  8.1500000e+000  5.8561232e-001
  8.1600000e+000  1.1146657e+000
  8.1700000e+000  4.7039630e-001
  8.1800000e+000  5.5286389e-001
  8.1900000e+000  4.6539329e-001
  8.2000000e+000  7.2677646e-001
  8.2100000e+000  4.9811835e-001
  8.2200000e+000  7.7659447e-001
  8.2300000e+000  6.3195393e-001
  8.2400000e+000  7.1357606e-001
  8.2500000e+000  5.2429899e-001
  8.2600000e+000  7.2030040e-001
  8.2700000e+000  6.3683409e-001
  8.2800000e+000  8.6708141e-001
  8.2900000e+000  1.0646675e+000
  8.3000000e+000  8.2485679e-001
  8.3100000e+000  9.6576103e-001
  8.3200000e+000  9.0224309e-001
  8.3300000e+000  7.1146511e-001
  8.3400000e+000  9.7635158e-001
  8.3500000e+000  9.1190561e-001
  8.3600000e+000  5.9387786e-001
  8.3700000e+000  6.4844885e-001
  8.3800000e+000  6.0982831e-001
  8.3900000e+000  7.2029275e-001
  8.4000000e+000  6.8359745e-001
  8.4100000e+000  8.9455760e-001
  8.4200000e+000  8.6631809e-001
  8.4300000e+000  6.5699075e-001
  8.4400000e+000  6.8350127e-001
  8.4500000e+000  7.0157075e-001
  8.4600000e+000  4.6874398e-001
  8.4700000e+000  7.4640142e-001
  8.4800000e+000  9.8862836e-001
  8.4900000e+000  6.1560332e-001
  8.5000000e+000  1.1418997e+000
  8.5100000e+000  6.6895956e-001
  8.5200000e+000  1.0681338e+000
  8.5300000e+000  7.1248043e-001
  8.5400000e+000  9.9053617e-001
  8.5500000e+000  8.2046550e-001
  8.5600000e+000  6.4814107e-001
  8.5700000e+000  5.4825425e-001
  8.5800000e+000  1.1484119e+000
  8.5900000e+000  7.0352543e-001
  8.6000000e+000  8.4341852e-001
  8.6100000e+000  1.0189371e+000
  8.6200000e+000  1.0380531e+000
  8.6300000e+000  8.8201641e-001
  8.6400000e+000  9.7149180e-001
  8.6500000e+000  8.8946555e-001
  8.6600000e+000  6.3414791e-001
  8.6700000e+000  9.8176181e-001
  8.6800000e+000  9.8198877e-001
  8.6900000e+000  7.7977998e-001
  8.7000000e+000  6.8531345e-001
  8.7100000e+000  4.4836790e-001
  8.7200000e+000  8.4730648e-001
  8.7300000e+000  6.4662952e-001
  8.7400000e+000  7.7863601e-001
  8.7500000e+000  7.9974038e-001
  8.7600000e+000  8.5312535e-001
  8.7700000e+000  7.9334348e-001
  8.7800000e+000  6.9951034e-001
  8.7900000e+000  1.0759141e+000
  8.8000000e+000  3.6984266e-001
  8.8100000e+000  8.2870261e-001
  8.8200000e+000  1.0554448e+000
  8.8300000e+000  9.9721645e-001
  8.8400000e+000  8.8708748e-001
  8.8500000e+000  5.1038535e-001
  8.8600000e+000  1.1918221e+000
  8.8700000e+000  5.4189411e-001
  8.8800000e+000  7.4657941e-001
  8.8900000e+000  9.1711961e-001
  8.9000000e+000  7.3367504e-001
  8.9100000e+000  7.9618311e-001
  8.9200000e+000  8.8638491e-001
  8.9300000e+000  7.8355947e-001
  8.9400000e+000  2.3161574e-001
  8.9500000e+000  7.4421521e-001
  8.9600000e+000  7.4136933e-001
  8.9700000e+000  7.3367320e-001
  8.9800000e+000  1.0134331e+000
  8.9900000e+000  8.7898653e-001
  9.0000000e+000  8.5323972e-001
  9.0100000e+000  9.2482060e-001
  9.0200000e+000  7.9978278e-001
  9.0300000e+000  1.0205966e+000
  9.0400000e+000  7.2642006e-001
  9.0500000e+000  4.8154021e-001
  9.0600000e+000  8.6397204e-001
  9.0700000e+000  5.6005303e-001
  9.0800000e+000  8.7533794e-001
  9.0900000e+000  9.3359216e-001
  9.1000000e+000  5.8986386e-001
  9.1100000e+000  8.8135636e-001
  9.1200000e+000  8.4383565e-001
  9.1300000e+000  7.3819198e-001
  9.1400000e+000  6.9620797e-001
  9.1500000e+000  6.8102923e-001
  9.1600000e+000  7.1531478e-001
  9.1700000e+000  8.2734830e-001
  9.1800000e+000  6.0281326e-001
  9.1900000e+000  8.1135596e-001
  9.2000000e+000  9.7331911e-001
  9.2100000e+000  7.5246869e-001
  9.2200000e+000  3.3292913e-001
  9.2300000e+000  6.5670033e-001
  9.2400000e+000  6.0376102e-001
  9.2500000e+000  5.1320406e-001
  9.2600000e+000  9.1843106e-001
  9.2700000e+000  7.8597840e-001
  9.2800000e+000  8.1344880e-001
  9.2900000e+000  5.5228956e-001
  9.3000000e+000  1.0796610e+000
  9.3100000e+000  8.0892342e-001
  9.3200000e+000  7.9548620e-001
  9.3300000e+000  8.0094391e-001
  9.3400000e+000  7.2157903e-001
  9.3500000e+000  7.6041977e-001
  9.3600000e+000  5.0929282e-001
  9.3700000e+000  6.4120272e-001
  9.3800000e+000  6.3096509e-001
  9.3900000e+000  7.5464875e-001
  9.4000000e+000  6.8599814e-001
  9.4100000e+000  9.3801960e-001
  9.4200000e+000  7.6990997e-001
  9.4300000e+000  1.0935931e+000
  9.4400000e+000  3.8393889e-001
  9.4500000e+000  9.3960691e-001
  9.4600000e+000  6.3831193e-001
  9.4700000e+000  6.2626595e-001
  9.4800000e+000  6.1398942e-001
  9.4900000e+000  6.9599760e-001
  9.5000000e+000  6.6214563e-001
  9.5100000e+000  6.4778426e-001
  9.5200000e+000  6.3645349e-001
  9.5300000e+000  8.8805668e-001
  9.5400000e+000  8.6033491e-001
  9.5500000e+000  1.2887399e+000
  9.5600000e+000  8.7944834e-001
  9.5700000e+000  9.1997524e-001
  9.5800000e+000  6.7053909e-001
  9.5900000e+000  7.4667455e-001
  9.6000000e+000  1.5926489e-001
  9.6100000e+000  6.1262892e-001
  9.6200000e+000  9.9804366e-001
  9.6300000e+000  6.5702065e-001
  9.6400000e+000  5.6747682e-001
  9.6500000e+000  8.4746416e-001
  9.6600000e+000  7.0239773e-001
  9.6700000e+000  6.8766669e-001
  9.6800000e+000  7.4239747e-001
  9.6900000e+000  9.2227506e-001
  9.7000000e+000  5.9596252e-001
  9.7100000e+000  8.2990251e-001
  9.7200000e+000  4.4315789e-001
  9.7300000e+000  6.0108352e-001
  9.7400000e+000  9.4271179e-001
  9.7500000e+000  7.8035417e-001
  9.7600000e+000  8.1723395e-001
  9.7700000e+000  5.3108885e-001
  9.7800000e+000  4.4488307e-001
  9.7900000e+000  8.3427847e-001
  9.8000000e+000  5.1484483e-001
  9.8100000e+000  5.4726997e-001
  9.8200000e+000  6.1745581e-001
  9.8300000e+000  1.0954512e+000
  9.8400000e+000  7.2158030e-001
  9.8500000e+000  1.0647732e+000
  9.8600000e+000  9.6666648e-001
  9.8700000e+000  7.6530043e-001
  9.8800000e+000  7.7832051e-001
  9.8900000e+000  1.0234797e+000
  9.9000000e+000  9.4890480e-001
  9.9100000e+000  8.1808155e-001
  9.9200000e+000  9.2164384e-001
  9.9300000e+000  5.4813400e-001
  9.9400000e+000  6.7885396e-001
  9.9500000e+000  6.6792969e-001
  9.9600000e+000  9.9632943e-001
  9.9700000e+000  9.1600272e-001
  9.9800000e+000  5.9100983e-001
  9.9900000e+000  6.7881376e-001
  1.0000000e+001  7.7506801e-001
  1.0010000e+001  8.9133272e-001
  1.0020000e+001  9.9060144e-001
  1.0030000e+001  8.4383023e-001
  1.0040000e+001  6.7267034e-001
  1.0050000e+001  8.8935109e-001
  1.0060000e+001  4.7719931e-001
  1.0070000e+001  6.5051481e-001
  1.0080000e+001  8.2007996e-001
  1.0090000e+001  7.7066756e-001
  1.0100000e+001  9.2804231e-001
  1.0110000e+001  3.0200489e-001
  1.0120000e+001  6.4861594e-001
  1.0130000e+001  7.7590463e-001
  1.0140000e+001  1.0529974e+000
  1.0150000e+001  9.4240869e-001
  1.0160000e+001  5.6832823e-001
  1.0170000e+001  7.1106447e-001
  1.0180000e+001  4.7776609e-001
  1.0190000e+001  5.0289069e-001
  1.0200000e+001  1.0021272e+000
  1.0210000e+001  4.7326020e-001
  1.0220000e+001  8.9724176e-001
  1.0230000e+001  6.7917172e-001
  1.0240000e+001  4.4406273e-001
  1.0250000e+001  5.4849233e-001
  1.0260000e+001  5.8587974e-001
  1.0270000e+001  5.6227000e-001
  1.0280000e+001  4.2493360e-001
  1.0290000e+001  6.1498449e-001
  1.0300000e+001  7.8915774e-001
  1.0310000e+001  7.0717478e-001
  1.0320000e+001  6.5697331e-001
  1.0330000e+001  8.6689402e-001
  1.0340000e+001  6.9041147e-001
  1.0350000e+001  4.6892784e-001
  1.0360000e+001  9.9898015e-001
  1.0370000e+001  8.9282292e-001
  1.0380000e+001  8.9610195e-001
  1.0390000e+001  2.4631099e-001
  1.0400000e+001  8.3207010e-001
  1.0410000e+001  4.6138010e-001
  1.0420000e+001  6.3552456e-001
  1.0430000e+001  1.0536980e+000
  1.0440000e+001  6.8253832e-001
  1.0450000e+001  8.3625278e-001
  1.0460000e+001  4.4742752e-001
  1.0470000e+001  8.6778161e-001
  1.0480000e+001  5.3155620e-001
  1.0490000e+001  5.3000310e-001
  1.0500000e+001  6.1048415e-001
  1.0510000e+001  7.6857784e-001
  1.0520000e+001  5.6624352e-001
  1.0530000e+001  8.9331671e-001
  1.0540000e+001  7.1473908e-001
  1.0550000e+001  1.0527973e+000
  1.0560000e+001  9.8860663e-001
  1.0570000e+001  7.4513823e-001
  1.0580000e+001  6.5620264e-001
  1.0590000e+001  1.1232236e+000
  1.0600000e+001  8.6310089e-001
  1.0610000e+001  6.3455142e-001
  1.0620000e+001  7.0411599e-001
  1.0630000e+001  3.8317729e-001
  1.0640000e+001  4.8007455e-001
  1.0650000e+001  7.0712199e-001
  1.0660000e+001  4.0642160e-001
  1.0670000e+001  4.1170161e-001
  1.0680000e+001  5.5120906e-001
  1.0690000e+001  1.1348665e+000
  1.0700000e+001  7.7310188e-001
  1.0710000e+001  9.1556049e-001
  1.0720000e+001  9.4384215e-001
  1.0730000e+001  8.8560406e-001
  1.0740000e+001  7.0020048e-001
  1.0750000e+001  6.3948625e-001
  1.0760000e+001  7.0626841e-001
  1.0770000e+001  9.1329387e-001
  1.0780000e+001  3.5698137e-001
  1.0790000e+001  8.6210500e-001
  1.0800000e+001  6.1574133e-001
  1.0810000e+001  1.0175210e+000
  1.0820000e+001  7.3120317e-001
  1.0830000e+001  3.7618661e-001
  1.0840000e+001  6.8512121e-001
  1.0850000e+001  1.0047311e+000
  1.0860000e+001  8.2324228e-001
  1.0870000e+001  6.3883507e-001
  1.0880000e+001  7.2013355e-001
  1.0890000e+001  7.4308082e-001
  1.0900000e+001  8.7684142e-001
  1.0910000e+001  8.5493527e-001
  1.0920000e+001  7.3812734e-001
  1.0930000e+001  8.4964954e-001
  1.0940000e+001  1.3791028e+000
  1.0950000e+001  8.6672489e-001
  1.0960000e+001  3.6552068e-001
  1.0970000e+001  7.7201528e-001
  1.0980000e+001  7.8740925e-001
  1.0990000e+001  7.0535769e-001
  1.1000000e+001  8.9872842e-001
  1.1010000e+001  8.5038787e-001
  1.1020000e+001  7.6255357e-001
  1.1030000e+001  7.5259129e-001
  1.1040000e+001  8.0851709e-001
  1.1050000e+001  7.4478497e-001
  1.1060000e+001  1.1389237e+000
  1.1070000e+001  5.9982698e-001
  1.1080000e+001  3.6645440e-001
  1.1090000e+001  1.1649954e+000
  1.1100000e+001  1.1651967e+000
  1.1110000e+001  7.5911670e-001
  1.1120000e+001  9.9019911e-001
  1.1130000e+001  6.1921846e-001
  1.1140000e+001  5.6366680e-001
  1.1150000e+001  9.4111415e-001
  1.1160000e+001  4.8295717e-001
  1.1170000e+001  4.9093127e-001
  1.1180000e+001  8.8149565e-001
  1.1190000e+001  7.2422628e-001
  1.1200000e+001  6.7733636e-001
  1.1210000e+001  7.6425927e-001
  1.1220000e+001  9.2432038e-001
  1.1230000e+001  5.3050600e-001
  1.1240000e+001  7.5789663e-001
  1.1250000e+001  7.1921866e-001
  1.1260000e+001  6.7059400e-001
  1.1270000e+001  9.8666207e-001
  1.1280000e+001  9.9025524e-001
  1.1290000e+001  8.5759400e-001
  1.1300000e+001  9.2041239e-001
  1.1310000e+001  7.0264378e-001
  1.1320000e+001  1.0223267e+000
  1.1330000e+001  7.6854583e-001
  1.1340000e+001  5.5921151e-001
  1.1350000e+001  7.4414255e-001
  1.1360000e+001  1.0762022e+000
  1.1370000e+001  8.4088769e-001
  1.1380000e+001  7.1150399e-001
  1.1390000e+001  5.4244930e-001
  1.1400000e+001  1.0082302e+000
  1.1410000e+001  9.0078773e-001
  1.1420000e+001  8.0162940e-001
  1.1430000e+001  6.2312298e-001
  1.1440000e+001  6.9756368e-001
  1.1450000e+001  8.9530256e-001
  1.1460000e+001  4.7881282e-001
  1.1470000e+001  6.4953835e-001
  1.1480000e+001  7.0055840e-001
  1.1490000e+001  6.5674278e-001
  1.1500000e+001  1.1368454e+000
  1.1510000e+001  9.8247325e-001
  1.1520000e+001  7.2907418e-001
  1.1530000e+001  5.0902789e-001
  1.1540000e+001  7.8275203e-001
  1.1550000e+001  9.7116163e-001
  1.1560000e+001  8.9406053e-001
  1.1570000e+001  8.1353147e-001
  1.1580000e+001  9.6996329e-001
  1.1590000e+001  8.5128319e-001
  1.1600000e+001  8.8649604e-001
  1.1610000e+001  8.5335844e-001
  1.1620000e+001  7.7421709e-001
  1.1630000e+001  4.3470160e-001
  1.1640000e+001  7.5600760e-001
  1.1650000e+001  9.0100082e-001
  1.1660000e+001  7.8219052e-001
  1.1670000e+001  6.3746744e-001
  1.1680000e+001  9.0174315e-001
  1.1690000e+001  7.1027767e-001
  1.1700000e+001  7.4204926e-001
  1.1710000e+001  8.0386845e-001
  1.1720000e+001  6.7630878e-001
  1.1730000e+001  8.1555527e-001
  1.1740000e+001  6.5873950e-001
  1.1750000e+001  7.7296079e-001
  1.1760000e+001  4.1720384e-001
  1.1770000e+001  6.5229736e-001
  1.1780000e+001  5.5576908e-001
  1.1790000e+001  6.4749935e-001
  1.1800000e+001  7.9159391e-001
  1.1810000e+001  3.9803868e-001
  1.1820000e+001  5.2778797e-001
  1.1830000e+001  1.0032212e+000
  1.1840000e+001  5.8590956e-001
  1.1850000e+001  8.3343767e-001
  1.1860000e+001  3.5193427e-001
  1.1870000e+001  7.9415427e-001
  1.1880000e+001  7.9877205e-001
  1.1890000e+001  5.8521041e-001
  1.1900000e+001  8.4885155e-001
  1.1910000e+001  4.2402729e-001
  1.1920000e+001  8.9762386e-001
  1.1930000e+001  1.0323109e+000
  1.1940000e+001  9.3983286e-001
  1.1950000e+001  7.8359089e-001
  1.1960000e+001  8.5087531e-001
  1.1970000e+001  6.5371129e-001
  1.1980000e+001  7.0480629e-001
  1.1990000e+001  6.1704380e-001
  1.2000000e+001  8.8897868e-001
  1.2010000e+001  7.9711674e-001
  1.2020000e+001  8.0956643e-001
  1.2030000e+001  9.3439197e-001
  1.2040000e+001  3.5417733e-001
  1.2050000e+001  8.1170736e-001
  1.2060000e+001  7.7462914e-001
  1.2070000e+001  8.9032773e-001
  1.2080000e+001  8.7322317e-001
  1.2090000e+001  9.0763489e-001
  1.2100000e+001  5.5640826e-001
  1.2110000e+001  9.4966670e-001
  1.2120000e+001  6.0174987e-001
  1.2130000e+001  7.1111431e-001
  1.2140000e+001  5.6086576e-001
  1.2150000e+001  9.4552343e-001
  1.2160000e+001  7.3395464e-001
  1.2170000e+001  1.5382588e-001
  1.2180000e+001  3.9738164e-001
  1.2190000e+001  7.7829607e-001
  1.2200000e+001  9.8130990e-001
  1.2210000e+001  1.0525733e+000
  1.2220000e+001  6.6152820e-001
  1.2230000e+001  7.0742631e-001
  1.2240000e+001  8.8350939e-001
  1.2250000e+001  6.5357886e-001
  1.2260000e+001  7.1335843e-001
  1.2270000e+001  7.2583481e-001
  1.2280000e+001  6.4673370e-001
  1.2290000e+001  6.5930319e-001
  1.2300000e+001  5.8535127e-001
  1.2310000e+001  2.6556494e-001
  1.2320000e+001  4.9992135e-001
  1.2330000e+001  5.7183559e-001
  1.2340000e+001  7.4992936e-001
  1.2350000e+001  6.9895057e-001
  1.2360000e+001  6.7710732e-001
  1.2370000e+001  7.0003918e-001
  1.2380000e+001  7.4208690e-001
  1.2390000e+001  6.6232230e-001
  1.2400000e+001  1.0855507e+000
  1.2410000e+001  8.1006364e-001
  1.2420000e+001  8.8672462e-001
  1.2430000e+001  6.0782993e-001
  1.2440000e+001  5.2415385e-001
  1.2450000e+001  6.4658272e-001
  1.2460000e+001  9.6527120e-001
  1.2470000e+001  6.1454615e-001
  1.2480000e+001  6.9606001e-001
  1.2490000e+001  5.1263161e-001
  1.2500000e+001  6.7091059e-001
