  0.0000000e+000  1.5544046e-001
  1.0000000e-002  2.4867511e-001
  2.0000000e-002 -9.3599551e-003
  3.0000000e-002 -3.7639382e-001
  4.0000000e-002 -7.0764164e-002
  5.0000000e-002 -1.4552788e-001
  6.0000000e-002  1.8218212e-001
  7.0000000e-002  2.3504459e-001
  8.0000000e-002 -2.7006987e-001
  9.0000000e-002 -1.3128125e-001
  1.0000000e-001 -1.0811508e-001
  1.1000000e-001 -2.7191877e-002
  1.2000000e-001 -1.4420369e-001
  1.3000000e-001  1.9670033e-001
  1.4000000e-001 -2.9498934e-001
  1.5000000e-001  1.0648495e-001
  1.6000000e-001  1.2660699e-001
  1.7000000e-001 -2.4160939e-001
  1.8000000e-001 -5.6165467e-001
  1.9000000e-001 -2.0643751e-001
  2.0000000e-001  2.2130149e-001
  2.1000000e-001  9.3423477e-002
  2.2000000e-001 -6.2248216e-001
  2.3000000e-001 -4.4979600e-003
  2.4000000e-001 -2.2930482e-001
  2.5000000e-001  9.2721042e-003
  2.6000000e-001 -4.7843094e-002
  2.7000000e-001 -3.6528336e-001
  2.8000000e-001 -1.7677022e-001
  2.9000000e-001 -5.2519126e-002
  3.0000000e-001 -1.4597113e-001
  3.1000000e-001 -2.9104630e-001
  3.2000000e-001 -2.7895755e-002
  3.3000000e-001 -2.8652558e-001
  3.4000000e-001 -2.4358985e-001
  3.5000000e-001 -3.9657004e-001
  3.6000000e-001  9.0310032e-002
  3.7000000e-001 -3.5380682e-001
  3.8000000e-001 -3.9402494e-001
  3.9000000e-001 -7.0517706e-002
  4.0000000e-001 -1.3343524e-001
  4.1000000e-001 -3.0733687e-001
  4.2000000e-001 -5.3956168e-001
  4.3000000e-001  2.9907440e-002
  4.4000000e-001 -2.0689302e-001
  4.5000000e-001 -1.1970183e-001
  4.6000000e-001 -1.4087801e-001
  4.7000000e-001 -3.1916387e-001
  4.8000000e-001 -6.9098664e-001
  4.9000000e-001 -6.9616741e-002
  5.0000000e-001 -1.0206936e-001
  5.1000000e-001 -2.8837846e-001
  5.2000000e-001 -8.0029732e-002
  5.3000000e-001  8.3364348e-002
  5.4000000e-001 -3.0335756e-002
  5.5000000e-001  4.1570779e-002
  5.6000000e-001 -3.3350111e-001
  5.7000000e-001 -1.1033303e-001
  5.8000000e-001 -5.4248802e-002
  5.9000000e-001 -2.7641292e-001
  6.0000000e-001 -3.5531302e-001
  6.1000000e-001 -9.6815510e-002
  6.2000000e-001 -4.3291115e-001
  6.3000000e-001 -6.0881429e-002
  6.4000000e-001  7.5326667e-003
  6.5000000e-001 -2.6518270e-001
  6.6000000e-001 -2.7993941e-001
  6.7000000e-001 -3.5687420e-001
  6.8000000e-001 -6.0170590e-002
  6.9000000e-001 -2.2550885e-001
  7.0000000e-001 -2.8774706e-001
  7.1000000e-001 -1.0491622e-001
  7.2000000e-001 -1.1563645e-001
  7.3000000e-001 -4.3202105e-002
  7.4000000e-001 -3.2605143e-001
  7.5000000e-001 -1.5311600e-001
  7.6000000e-001 -2.8806333e-001
  7.7000000e-001 -1.5349049e-001
  7.8000000e-001 -5.1887634e-001
  7.9000000e-001 -2.0374117e-001
  8.0000000e-001 -1.2560651e-001
  8.1000000e-001  1.7068964e-001
  8.2000000e-001 -5.5474760e-001
  8.3000000e-001 -3.3608378e-001
  8.4000000e-001 -2.2925307e-001
  8.5000000e-001 -3.3990407e-001
  8.6000000e-001 -1.3780077e-001
  8.7000000e-001 -5.4780469e-002
  8.8000000e-001 -3.9506293e-001
  8.9000000e-001 -2.8085053e-001
  9.0000000e-001 -4.7131349e-002
  9.1000000e-001  1.8897144e-003
  9.2000000e-001 -1.0120210e-001
  9.3000000e-001 -4.3325125e-001
  9.4000000e-001 -2.0284885e-001
  9.5000000e-001 -3.2742883e-002
  9.6000000e-001 -5.9727703e-002
  9.7000000e-001 -5.6460482e-001
  9.8000000e-001 -1.9435983e-001
  9.9000000e-001 -2.2206501e-001
  1.0000000e+000  5.7642399e-002
  1.0100000e+000 -2.5978565e-001
  1.0200000e+000 -7.6341933e-001
  1.0300000e+000  9.9028932e-002
  1.0400000e+000 -3.3398325e-001
  1.0500000e+000  8.1765202e-003
  1.0600000e+000 -2.5160158e-001
  1.0700000e+000 -4.5206919e-002
  1.0800000e+000 -1.8660356e-001
  1.0900000e+000  4.7053927e-002
  1.1000000e+000  1.2170518e-001
  1.1100000e+000  1.7943518e-001
  1.1200000e+000  4.9005732e-002
  1.1300000e+000 -1.2889808e-001
  1.1400000e+000 -1.2333532e-001
  1.1500000e+000 -2.7136220e-001
  1.1600000e+000  2.3691065e-001
  1.1700000e+000 -1.8684746e-001
  1.1800000e+000 -1.2733151e-001
  1.1900000e+000 -4.1572388e-002
  1.2000000e+000 -2.4512411e-001
  1.2100000e+000  2.0949795e-001
  1.2200000e+000 -3.1463309e-001
  1.2300000e+000 -1.7392791e-001
  1.2400000e+000  4.8367279e-002
  1.2500000e+000 -1.6720641e-001
  1.2600000e+000  2.2722764e-001
  1.2700000e+000  4.7878032e-002
  1.2800000e+000 -3.3547518e-001
  1.2900000e+000 -1.5047435e-001
  1.3000000e+000 -1.5737352e-001
  1.3100000e+000  2.6101274e-002
  1.3200000e+000 -1.9398240e-001
  1.3300000e+000 -6.1311723e-002
  1.3400000e+000  1.4859285e-001
  1.3500000e+000 -2.6233765e-001
  1.3600000e+000  9.5708020e-002
  1.3700000e+000  1.4144802e-001
  1.3800000e+000 -4.8901180e-002
  1.3900000e+000  7.9901297e-002
  1.4000000e+000 -9.2158924e-003
  1.4100000e+000  1.7916889e-001
  1.4200000e+000 -1.5198043e-001
  1.4300000e+000  1.6600484e-001
  1.4400000e+000 -4.3469312e-002
  1.4500000e+000  7.3555833e-001
  1.4600000e+000  1.7161123e-002
  1.4700000e+000  5.4006863e-002
  1.4800000e+000 -1.5108245e-001
  1.4900000e+000 -2.8791483e-001
  1.5000000e+000  9.5911128e-002
  1.5100000e+000 -2.9100466e-001
  1.5200000e+000 -5.4088069e-002
  1.5300000e+000  4.6598690e-001
  1.5400000e+000  1.7191198e-001
  1.5500000e+000  6.1066477e-002
  1.5600000e+000  2.3268918e-001
  1.5700000e+000 -4.8436481e-002
  1.5800000e+000  6.9396783e-002
  1.5900000e+000  2.9978672e-002
  1.6000000e+000 -4.1944944e-003
  1.6100000e+000  1.6602480e-001
  1.6200000e+000 -2.5086932e-001
  1.6300000e+000 -1.7373553e-001
  1.6400000e+000 -8.6302772e-002
  1.6500000e+000  5.9759022e-001
  1.6600000e+000 -2.1734511e-001
  1.6700000e+000  1.0529026e-001
  1.6800000e+000  1.9957026e-001
  1.6900000e+000  1.5558640e-001
  1.7000000e+000  3.2930177e-001
  1.7100000e+000  1.6967794e-001
  1.7200000e+000  4.5510582e-002
  1.7300000e+000  1.5976504e-002
  1.7400000e+000  1.3972488e-001
  1.7500000e+000  4.1792909e-001
  1.7600000e+000  3.7786312e-001
  1.7700000e+000  2.6936966e-001
  1.7800000e+000  6.4438871e-002
  1.7900000e+000  3.8303990e-001
  1.8000000e+000  2.1746249e-001
  1.8100000e+000  4.2928955e-001
  1.8200000e+000  3.1548345e-001
  1.8300000e+000  4.9930822e-001
  1.8400000e+000  1.3652713e-001
  1.8500000e+000  4.8881451e-001
  1.8600000e+000  4.0539535e-001
  1.8700000e+000  3.6795032e-001
  1.8800000e+000  5.3835646e-001
  1.8900000e+000  4.5448285e-001
  1.9000000e+000  3.5042139e-001
  1.9100000e+000  2.9401724e-001
  1.9200000e+000  2.9678924e-001
  1.9300000e+000  1.2754445e-001
  1.9400000e+000  2.2324181e-001
  1.9500000e+000  2.6117838e-001
  1.9600000e+000  4.4020075e-001
  1.9700000e+000  1.1885885e-001
  1.9800000e+000  9.3280955e-002
  1.9900000e+000 -1.0460370e-001
  2.0000000e+000  3.6152296e-001
  2.0100000e+000  1.6612652e-001
  2.0200000e+000  3.7922097e-001
  2.0300000e+000  1.7803103e-001
  2.0400000e+000  1.5472308e-001
  2.0500000e+000  2.2519043e-001
  2.0600000e+000  5.1942625e-001
  2.0700000e+000  5.4546726e-001
  2.0800000e+000  5.1961115e-001
  2.0900000e+000  4.9589832e-001
  2.1000000e+000  4.5800147e-001
  2.1100000e+000  2.3309340e-001
  2.1200000e+000  1.7716588e-001
  2.1300000e+000  3.5120758e-001
  2.1400000e+000  2.8555018e-001
  2.1500000e+000  3.7212690e-001
  2.1600000e+000  3.1805195e-001
  2.1700000e+000  3.0436996e-001
  2.1800000e+000  3.1156123e-002
  2.1900000e+000  3.5678250e-001
  2.2000000e+000  3.7520001e-001
  2.2100000e+000  3.8562205e-001
  2.2200000e+000  4.7030816e-001
  2.2300000e+000  2.9292167e-001
  2.2400000e+000  2.0208858e-001
  2.2500000e+000  2.7758108e-001
  2.2600000e+000  4.8931621e-001
  2.2700000e+000  4.1978124e-001
  2.2800000e+000  3.3235647e-001
  2.2900000e+000  5.8700353e-001
  2.3000000e+000  5.4678755e-001
  2.3100000e+000  4.5755593e-001
  2.3200000e+000  4.1990775e-001
  2.3300000e+000  8.9804289e-001
  2.3400000e+000  9.0920877e-002
  2.3500000e+000  4.6093130e-001
  2.3600000e+000  6.3192032e-001
  2.3700000e+000  3.7143702e-001
  2.3800000e+000  4.4644186e-001
  2.3900000e+000  2.5235330e-001
  2.4000000e+000  4.3350891e-001
  2.4100000e+000  6.6401384e-001
  2.4200000e+000  8.0715127e-001
  2.4300000e+000  9.8467822e-001
  2.4400000e+000  7.5690571e-001
  2.4500000e+000  2.9847589e-001
  2.4600000e+000  9.1861874e-001
  2.4700000e+000  5.2026592e-001
  2.4800000e+000 -9.1687089e-002
  2.4900000e+000  5.5172575e-001
  2.5000000e+000  4.6746795e-001
  2.5100000e+000  9.2401191e-001
  2.5200000e+000  6.0754614e-001
  2.5300000e+000  7.7804844e-001
  2.5400000e+000  7.0798672e-001
  2.5500000e+000  5.3309407e-001
  2.5600000e+000  5.6254238e-001
  2.5700000e+000  6.5752197e-001
  2.5800000e+000  5.4364559e-001
  2.5900000e+000  9.4951520e-002
  2.6000000e+000  2.9195078e-001
  2.6100000e+000  5.2567447e-001
  2.6200000e+000  8.5582363e-001
  2.6300000e+000  5.9647605e-001
  2.6400000e+000  4.5858252e-001
  2.6500000e+000  5.3521644e-001
  2.6600000e+000  2.8543345e-001
  2.6700000e+000  8.5713353e-001
  2.6800000e+000  3.5381135e-001
  2.6900000e+000  8.4390783e-001
  2.7000000e+000  6.5976271e-001
  2.7100000e+000  9.4005815e-001
  2.7200000e+000  8.1379768e-001
  2.7300000e+000  5.7094047e-001
  2.7400000e+000  1.1448168e+000
  2.7500000e+000  1.9203099e-001
  2.7600000e+000  7.7970667e-001
  2.7700000e+000  7.9690406e-001
  2.7800000e+000  1.0331260e+000
  2.7900000e+000  4.9665599e-001
  2.8000000e+000  4.3087175e-001
  2.8100000e+000  2.9699649e-001
  2.8200000e+000  7.0288307e-001
  2.8300000e+000  1.0870844e+000
  2.8400000e+000  6.2870013e-001
  2.8500000e+000  3.2387622e-001
  2.8600000e+000  6.3914842e-001
  2.8700000e+000  9.5277046e-001
  2.8800000e+000  6.7860634e-001
  2.8900000e+000  7.0879901e-001
  2.9000000e+000  7.4722603e-001
  2.9100000e+000  9.8519852e-001
  2.9200000e+000  1.1770310e+000
  2.9300000e+000  9.0841037e-001
  2.9400000e+000  7.2287032e-001
  2.9500000e+000  1.1706592e+000
  2.9600000e+000  9.1422986e-001
  2.9700000e+000  6.3530956e-001
  2.9800000e+000  1.0110708e+000
  2.9900000e+000  8.1611012e-001
  3.0000000e+000  5.3717389e-001
  3.0100000e+000  8.2234394e-001
  3.0200000e+000  7.7723899e-001
  3.0300000e+000  1.3170682e+000
  3.0400000e+000  6.8866927e-001
  3.0500000e+000  8.5931032e-001
  3.0600000e+000  7.8507402e-001
  3.0700000e+000  1.1184067e+000
  3.0800000e+000  7.3908543e-001
  3.0900000e+000  6.7021385e-001
  3.1000000e+000  9.3710171e-001
  3.1100000e+000  8.0320869e-001
  3.1200000e+000  6.9069947e-001
  3.1300000e+000  7.5228850e-001
  3.1400000e+000  1.0076710e+000
  3.1500000e+000  7.6347427e-001
  3.1600000e+000  6.9443150e-001
  3.1700000e+000  5.4074798e-001
  3.1800000e+000  1.1288073e+000
  3.1900000e+000  8.4592657e-001
  3.2000000e+000  1.0812634e+000
  3.2100000e+000  7.1816422e-001
  3.2200000e+000  6.8861936e-001
  3.2300000e+000  6.6647332e-001
  3.2400000e+000  5.8882113e-001
  3.2500000e+000  7.1499448e-001
  3.2600000e+000  1.0263180e+000
  3.2700000e+000  6.0295259e-001
  3.2800000e+000  1.0055997e+000
  3.2900000e+000  4.6877943e-001
  3.3000000e+000  9.1360616e-001
  3.3100000e+000  7.7780285e-001
  3.3200000e+000  1.0396702e+000
  3.3300000e+000  9.4711403e-001
  3.3400000e+000  9.4584053e-001
  3.3500000e+000  6.0266663e-001
  3.3600000e+000  8.3035253e-001
  3.3700000e+000  1.0212738e+000
  3.3800000e+000  7.5184519e-001
  3.3900000e+000  8.9392712e-001
  3.4000000e+000  4.7581300e-001
  3.4100000e+000  3.4777029e-001
  3.4200000e+000  1.0009008e+000
  3.4300000e+000  8.7894082e-001
  3.4400000e+000  1.0372845e+000
  3.4500000e+000  7.7964077e-001
  3.4600000e+000  9.7824769e-001
  3.4700000e+000  1.0428437e+000
  3.4800000e+000  1.1136361e+000
  3.4900000e+000  8.1178623e-001
  3.5000000e+000  4.9365790e-001
  3.5100000e+000  1.1483124e+000
  3.5200000e+000  9.2881900e-001
  3.5300000e+000  7.2080825e-001
  3.5400000e+000  9.3008319e-001
  3.5500000e+000  7.3739979e-001
  3.5600000e+000  7.8483602e-001
  3.5700000e+000  1.1037440e+000
  3.5800000e+000  7.6445387e-001
  3.5900000e+000  8.3438182e-001
  3.6000000e+000  6.1184572e-001
  3.6100000e+000  1.0123632e+000
  3.6200000e+000  1.0862940e+000
  3.6300000e+000  6.9969204e-001
  3.6400000e+000  6.8518053e-001
  3.6500000e+000  1.0229754e+000
  3.6600000e+000  7.6797177e-001
  3.6700000e+000  1.1675793e+000
  3.6800000e+000  6.5234865e-001
  3.6900000e+000  8.5500865e-001
  3.7000000e+000  8.1088770e-001
  3.7100000e+000  9.5237542e-001
  3.7200000e+000  1.1365469e+000
  3.7300000e+000  8.2442669e-001
  3.7400000e+000  6.7828512e-001
  3.7500000e+000  9.1279248e-001
  3.7600000e+000  8.9954002e-001
  3.7700000e+000  1.2403615e+000
  3.7800000e+000  1.2067040e+000
  3.7900000e+000  8.2677249e-001
  3.8000000e+000  7.0544277e-001
  3.8100000e+000  9.2678739e-001
  3.8200000e+000  6.6434117e-001
  3.8300000e+000  1.2925372e+000
  3.8400000e+000  1.0349688e+000
  3.8500000e+000  6.6674933e-001
  3.8600000e+000  1.2396510e+000
  3.8700000e+000  9.4284085e-001
  3.8800000e+000  1.1002782e+000
  3.8900000e+000  9.4046025e-001
  3.9000000e+000  7.3240026e-001
  3.9100000e+000  6.2018309e-001
  3.9200000e+000  6.0553074e-001
  3.9300000e+000  7.7912800e-001
  3.9400000e+000  8.6880539e-001
  3.9500000e+000  8.8247129e-001
  3.9600000e+000  1.0891197e+000
  3.9700000e+000  6.4877022e-001
  3.9800000e+000  9.9516093e-001
  3.9900000e+000  7.6595071e-001
  4.0000000e+000  9.9269763e-001
  4.0100000e+000  1.1818088e+000
  4.0200000e+000  8.7324120e-001
  4.0300000e+000  1.0618538e+000
  4.0400000e+000  7.3601026e-001
  4.0500000e+000  6.3405044e-001
  4.0600000e+000  9.6213833e-001
  4.0700000e+000  6.7498118e-001
  4.0800000e+000  7.3800127e-001
  4.0900000e+000  1.0713070e+000
  4.1000000e+000  5.7200296e-001
  4.1100000e+000  3.4381035e-001
  4.1200000e+000  9.4966458e-001
  4.1300000e+000  1.0616422e+000
  4.1400000e+000  1.0968093e+000
  4.1500000e+000  6.4811802e-001
  4.1600000e+000  6.9848803e-001
  4.1700000e+000  1.0419500e+000
  4.1800000e+000  1.1623341e+000
  4.1900000e+000  1.3713368e+000
  4.2000000e+000  7.2213255e-001
  4.2100000e+000  1.1471663e+000
  4.2200000e+000  9.8898069e-001
  4.2300000e+000  9.9371097e-001
  4.2400000e+000  7.1966694e-001
  4.2500000e+000  1.2127803e+000
  4.2600000e+000  1.0035506e+000
  4.2700000e+000  1.0554395e+000
  4.2800000e+000  1.0788244e+000
  4.2900000e+000  7.3022876e-001
  4.3000000e+000  1.1980379e+000
  4.3100000e+000  1.0588844e+000
  4.3200000e+000  1.1376903e+000
  4.3300000e+000  8.4683715e-001
  4.3400000e+000  7.6299904e-001
  4.3500000e+000  1.3363643e+000
  4.3600000e+000  7.8514269e-001
  4.3700000e+000  5.7676633e-001
  4.3800000e+000  5.9942026e-001
  4.3900000e+000  7.5239542e-001
  4.4000000e+000  9.4728040e-001
  4.4100000e+000  6.9897987e-001
  4.4200000e+000  1.0735908e+000
  4.4300000e+000  1.1266363e+000
  4.4400000e+000  1.1542875e+000
  4.4500000e+000  8.4907975e-001
  4.4600000e+000  7.7086950e-001
  4.4700000e+000  1.2447742e+000
  4.4800000e+000  7.0759310e-001
  4.4900000e+000  9.2604185e-001
  4.5000000e+000  6.6861322e-001
  4.5100000e+000  1.0196083e+000
  4.5200000e+000  9.6660082e-001
  4.5300000e+000  1.0725119e+000
  4.5400000e+000  7.6107188e-001
  4.5500000e+000  6.7333021e-001
  4.5600000e+000  3.3733940e-001
  4.5700000e+000  1.1303349e+000
  4.5800000e+000  9.1501859e-001
  4.5900000e+000  8.4623325e-001
  4.6000000e+000  9.4323417e-001
  4.6100000e+000  9.4296883e-001
  4.6200000e+000  3.1545365e-001
  4.6300000e+000  6.9196311e-001
  4.6400000e+000  8.4529984e-001
  4.6500000e+000  9.0777422e-001
  4.6600000e+000  6.7040145e-001
  4.6700000e+000  1.3478365e+000
  4.6800000e+000  1.0109017e+000
  4.6900000e+000  7.7649972e-001
  4.7000000e+000  9.0115611e-001
  4.7100000e+000  1.0883222e+000
  4.7200000e+000  1.0855885e+000
  4.7300000e+000  7.5100904e-001
  4.7400000e+000  9.8031467e-001
  4.7500000e+000  8.5852529e-001
  4.7600000e+000  4.6938260e-001
  4.7700000e+000  8.2205230e-001
  4.7800000e+000  8.7948851e-001
  4.7900000e+000  5.9822485e-001
  4.8000000e+000  9.5076148e-001
  4.8100000e+000  8.6773998e-001
  4.8200000e+000  7.7994889e-001
  4.8300000e+000  6.4068108e-001
  4.8400000e+000  4.4425699e-001
  4.8500000e+000  1.0523635e+000
  4.8600000e+000  9.8640010e-001
  4.8700000e+000  1.0585676e+000
  4.8800000e+000  7.4246427e-001
  4.8900000e+000  6.3449173e-001
  4.9000000e+000  7.7799926e-001
  4.9100000e+000  5.3077810e-001
  4.9200000e+000  1.7349680e-001
  4.9300000e+000  8.5131943e-001
  4.9400000e+000  7.3141341e-001
  4.9500000e+000  1.2275680e+000
  4.9600000e+000  9.8347498e-001
  4.9700000e+000  5.5805662e-001
  4.9800000e+000  9.5172568e-001
  4.9900000e+000  7.8008411e-001
  5.0000000e+000  1.4054417e+000
  5.0100000e+000  9.1938005e-001
  5.0200000e+000  1.2422053e+000
  5.0300000e+000  1.0030694e+000
  5.0400000e+000  5.6598741e-001
  5.0500000e+000  8.1519946e-001
  5.0600000e+000  6.3894702e-001
  5.0700000e+000  9.8502806e-001
  5.0800000e+000  5.3387876e-001
  5.0900000e+000  8.4653285e-001
  5.1000000e+000  9.6714300e-001
  5.1100000e+000  1.3561189e+000
  5.1200000e+000  1.0105954e+000
  5.1300000e+000  8.9755377e-001
  5.1400000e+000  9.1407600e-001
  5.1500000e+000  7.4859553e-001
  5.1600000e+000  8.5326679e-001
  5.1700000e+000  8.6583118e-001
  5.1800000e+000  3.7268742e-001
  5.1900000e+000  6.9001482e-001
  5.2000000e+000  1.1149568e+000
  5.2100000e+000  8.2617447e-001
  5.2200000e+000  1.2321613e+000
  5.2300000e+000  1.0734458e+000
  5.2400000e+000  1.0099345e+000
  5.2500000e+000  1.2027009e+000
  5.2600000e+000  9.5069097e-001
  5.2700000e+000  9.5206545e-001
  5.2800000e+000  8.6803328e-001
  5.2900000e+000  1.3587137e+000
  5.3000000e+000  1.1690811e+000
  5.3100000e+000  6.8745828e-001
  5.3200000e+000  1.0432983e+000
  5.3300000e+000  9.4997286e-001
  5.3400000e+000  7.8673221e-001
  5.3500000e+000  1.3310025e+000
  5.3600000e+000  6.6947491e-001
  5.3700000e+000  8.4344809e-001
  5.3800000e+000  1.0402383e+000
  5.3900000e+000  6.8408188e-001
  5.4000000e+000  7.5094113e-001
  5.4100000e+000  8.4413315e-001
  5.4200000e+000  1.1820583e+000
  5.4300000e+000  7.1094509e-001
  5.4400000e+000  8.0589218e-001
  5.4500000e+000  5.8061348e-001
  5.4600000e+000  9.6102144e-001
  5.4700000e+000  4.2647038e-001
  5.4800000e+000  8.7943149e-001
  5.4900000e+000  5.1193453e-001
  5.5000000e+000  7.9602440e-001
  5.5100000e+000  6.7752067e-001
  5.5200000e+000  1.0625368e+000
  5.5300000e+000  4.3976868e-001
  5.5400000e+000  8.1549525e-001
  5.5500000e+000  9.7602662e-001
  5.5600000e+000  1.1035914e+000
  5.5700000e+000  7.6032059e-001
  5.5800000e+000  8.5242835e-001
  5.5900000e+000  7.3768916e-001
  5.6000000e+000  9.5532114e-001
  5.6100000e+000  1.2261331e+000
  5.6200000e+000  6.5323118e-001
  5.6300000e+000  8.1454441e-001
  5.6400000e+000  5.9517509e-001
  5.6500000e+000  7.3305202e-001
  5.6600000e+000  6.4025358e-001
  5.6700000e+000  5.0825849e-001
  5.6800000e+000  9.5405228e-001
  5.6900000e+000  6.9364472e-001
  5.7000000e+000  5.6710629e-001
  5.7100000e+000  4.6587819e-001
  5.7200000e+000  6.1308506e-001
  5.7300000e+000  7.3697491e-001
  5.7400000e+000  6.9442101e-001
  5.7500000e+000  7.9370966e-001
  5.7600000e+000  7.0417769e-001
  5.7700000e+000  6.0530619e-001
  5.7800000e+000  1.2492975e+000
  5.7900000e+000  1.1826719e+000
  5.8000000e+000  1.0032011e+000
  5.8100000e+000  6.0251985e-001
  5.8200000e+000  8.5939228e-001
  5.8300000e+000  7.7327086e-001
  5.8400000e+000  8.3482462e-001
  5.8500000e+000  8.5446480e-001
  5.8600000e+000  9.2695958e-001
  5.8700000e+000  8.0772880e-001
  5.8800000e+000  9.6183550e-001
  5.8900000e+000  4.5230001e-001
  5.9000000e+000  8.4092714e-001
  5.9100000e+000  1.5847326e-001
  5.9200000e+000  3.8190839e-001
  5.9300000e+000  8.6706392e-001
  5.9400000e+000  8.5105385e-001
  5.9500000e+000  6.2425978e-001
  5.9600000e+000  1.1173305e+000
  5.9700000e+000  8.1638457e-001
  5.9800000e+000  7.2548252e-001
  5.9900000e+000  9.3202166e-001
  6.0000000e+000  1.0614491e+000
  6.0100000e+000  4.6941695e-001
  6.0200000e+000  9.2162983e-001
  6.0300000e+000  4.5809472e-001
  6.0400000e+000  6.8722915e-001
  6.0500000e+000  8.1707937e-001
  6.0600000e+000  9.5068670e-001
  6.0700000e+000  5.4528690e-001
  6.0800000e+000  3.8977627e-001
  6.0900000e+000  9.9753709e-001
  6.1000000e+000  8.5921376e-001
  6.1100000e+000  1.0373611e+000
  6.1200000e+000  1.0440252e+000
  6.1300000e+000  9.1548952e-001
  6.1400000e+000  5.3509558e-001
  6.1500000e+000  9.7257399e-001
  6.1600000e+000  8.7950109e-001
  6.1700000e+000  7.2065066e-001
  6.1800000e+000  6.6127594e-001
  6.1900000e+000  5.8116706e-001
  6.2000000e+000  7.7769911e-001
  6.2100000e+000  8.1734186e-001
  6.2200000e+000  1.2190116e+000
  6.2300000e+000  6.2015728e-001
  6.2400000e+000  5.4751635e-001
  6.2500000e+000  9.1881899e-001
  6.2600000e+000  7.4078905e-001
  6.2700000e+000  6.5550829e-001
  6.2800000e+000  9.5776063e-001
  6.2900000e+000  8.3046019e-001
  6.3000000e+000  8.7485888e-001
  6.3100000e+000  5.5767336e-001
  6.3200000e+000  7.0859268e-001
  6.3300000e+000  7.8177132e-001
  6.3400000e+000  5.7267655e-001
  6.3500000e+000  6.5064253e-001
  6.3600000e+000  8.7693749e-001
  6.3700000e+000  9.4738516e-001
  6.3800000e+000  5.9678991e-001
  6.3900000e+000  9.0133174e-001
  6.4000000e+000  5.9178310e-001
  6.4100000e+000  3.4017745e-001
  6.4200000e+000  5.0182297e-001
  6.4300000e+000  7.5940600e-001
  6.4400000e+000  7.3222580e-001
  6.4500000e+000  6.4235845e-001
  6.4600000e+000  5.7574011e-001
  6.4700000e+000  6.8746155e-001
  6.4800000e+000  5.4519912e-001
  6.4900000e+000  7.8512286e-001
  6.5000000e+000  8.2807749e-001
  6.5100000e+000  6.3029510e-001
  6.5200000e+000  8.8727086e-001
  6.5300000e+000  7.0193125e-001
  6.5400000e+000  8.9011777e-001
  6.5500000e+000  8.3972439e-001
  6.5600000e+000  7.2018306e-001
  6.5700000e+000  5.8501340e-001
  6.5800000e+000  5.3214239e-001
  6.5900000e+000  5.6604158e-001
  6.6000000e+000  5.7843562e-001
  6.6100000e+000  8.2317838e-001
  6.6200000e+000  1.1070741e+000
  6.6300000e+000  4.1517618e-001
  6.6400000e+000  1.0739102e+000
  6.6500000e+000  6.9228884e-001
  6.6600000e+000  9.2456727e-001
  6.6700000e+000  5.3163901e-001
  6.6800000e+000  5.6274124e-001
  6.6900000e+000  7.7787681e-001
  6.7000000e+000  7.9471812e-001
  6.7100000e+000  7.7788981e-001
  6.7200000e+000  8.4922722e-001
  6.7300000e+000  6.9614905e-001
  6.7400000e+000  6.3939309e-001
  6.7500000e+000  7.1668975e-001
  6.7600000e+000  6.2555313e-001
  6.7700000e+000  5.3329928e-001
  6.7800000e+000  6.2478013e-001
  6.7900000e+000  6.7373500e-001
  6.8000000e+000  9.8280320e-001
  6.8100000e+000  1.0210629e+000
  6.8200000e+000  6.2511309e-001
  6.8300000e+000  8.0062257e-001
  6.8400000e+000  1.1099230e+000
  6.8500000e+000  4.0767056e-001
  6.8600000e+000  1.2584918e+000
  6.8700000e+000  5.4788542e-001
  6.8800000e+000  5.7017088e-001
  6.8900000e+000  9.0949745e-001
  6.9000000e+000  1.0180836e+000
  6.9100000e+000  5.1662841e-002
  6.9200000e+000  4.6154367e-001
  6.9300000e+000  8.4465608e-001
  6.9400000e+000  4.7883841e-001
  6.9500000e+000  7.9311047e-001
  6.9600000e+000  7.6251558e-001
  6.9700000e+000  7.1824907e-001
  6.9800000e+000  5.7778939e-001
  6.9900000e+000  4.4796762e-001
  7.0000000e+000  8.3398366e-001
  7.0100000e+000  1.0456074e+000
  7.0200000e+000  8.6516092e-001
  7.0300000e+000  5.6232521e-001
  7.0400000e+000  8.0544885e-001
  7.0500000e+000  7.3681767e-001
  7.0600000e+000  1.1639109e+000
  7.0700000e+000  1.0426525e+000
  7.0800000e+000  8.6447029e-001
  7.0900000e+000  7.6233782e-001
  7.1000000e+000  8.9409022e-001
  7.1100000e+000  1.0490608e+000
  7.1200000e+000  8.0301055e-001
  7.1300000e+000  9.1552623e-001
  7.1400000e+000  9.8568720e-001
  7.1500000e+000  7.4958202e-001
  7.1600000e+000  6.9563440e-001
  7.1700000e+000  5.2530163e-001
  7.1800000e+000  7.0210178e-001
  7.1900000e+000  9.8352241e-001
  7.2000000e+000  9.6262178e-001
  7.2100000e+000  1.1449523e+000
  7.2200000e+000  9.8790593e-001
  7.2300000e+000  6.7679260e-001
  7.2400000e+000  4.5705739e-001
  7.2500000e+000  9.3392445e-001
  7.2600000e+000  8.0112902e-001
  7.2700000e+000  7.1676464e-001
  7.2800000e+000  6.5518272e-001
  7.2900000e+000  7.1899320e-001
  7.3000000e+000  7.8466049e-001
  7.3100000e+000  7.1918064e-001
  7.3200000e+000  4.3786227e-001
  7.3300000e+000  9.9290429e-001
  7.3400000e+000  7.2551216e-001
  7.3500000e+000  8.6541551e-001
  7.3600000e+000  6.8368940e-001
  7.3700000e+000  3.7843496e-001
  7.3800000e+000  1.0914023e+000
  7.3900000e+000  4.4233009e-001
  7.4000000e+000  6.3868125e-001
  7.4100000e+000  4.6686863e-001
  7.4200000e+000  8.8571192e-001
  7.4300000e+000  6.7838136e-001
  7.4400000e+000  7.3583903e-001
  7.4500000e+000  6.4687729e-001
  7.4600000e+000  5.9884177e-001
  7.4700000e+000  7.7805528e-001
  7.4800000e+000  9.6693494e-001
  7.4900000e+000  8.9514735e-001
  7.5000000e+000  6.3673244e-001
  7.5100000e+000  8.5971621e-001
  7.5200000e+000  3.9121203e-001
  7.5300000e+000  6.5420318e-001
  7.5400000e+000  5.2017880e-001
  7.5500000e+000  6.5169917e-001
  7.5600000e+000  6.7472434e-001
  7.5700000e+000  1.0131571e+000
  7.5800000e+000  5.3149059e-001
  7.5900000e+000  1.2364279e+000
  7.6000000e+000  6.9048726e-001
  7.6100000e+000  8.5603426e-001
  7.6200000e+000  9.3563216e-001
  7.6300000e+000  7.2888869e-001
  7.6400000e+000  7.4684628e-001
  7.6500000e+000  9.4815883e-001
  7.6600000e+000  8.7511027e-001
  7.6700000e+000  7.3938079e-001
  7.6800000e+000  6.0896338e-001
  7.6900000e+000  7.9025943e-001
  7.7000000e+000  7.4400386e-001
  7.7100000e+000  6.6693480e-001
  7.7200000e+000  9.3172339e-001
  7.7300000e+000  8.4668296e-001
  7.7400000e+000  6.8142459e-001
  7.7500000e+000  5.5886274e-001
  7.7600000e+000  3.7064474e-001
  7.7700000e+000  7.5924396e-001
  7.7800000e+000  1.3120685e+000
  7.7900000e+000  4.1123642e-001
  7.8000000e+000  1.0216650e+000
  7.8100000e+000  5.2617534e-001
  7.8200000e+000  7.4046084e-001
  7.8300000e+000  7.6569624e-001
  7.8400000e+000  6.6979333e-001
  7.8500000e+000  4.4880001e-001
  7.8600000e+000  3.9959598e-001
  7.8700000e+000  4.6152573e-001
  7.8800000e+000  6.6972033e-001
  7.8900000e+000  8.4335873e-001
  7.9000000e+000  8.2337919e-001
  7.9100000e+000  7.0399810e-001
  7.9200000e+000  7.2869126e-001
  7.9300000e+000  5.9652964e-001
  7.9400000e+000  1.0894386e+000
  7.9500000e+000  6.0932695e-001
  7.9600000e+000  8.3798122e-001
  7.9700000e+000  8.0468766e-001
  7.9800000e+000  6.2081965e-001
  7.9900000e+000  4.5623926e-001
  8.0000000e+000  9.0037043e-001
  8.0100000e+000  8.3084743e-001
  8.0200000e+000  4.5766019e-001
  8.0300000e+000  5.2167795e-001
  8.0400000e+000  4.8425850e-001
  8.0500000e+000  7.1739361e-001
  8.0600000e+000  8.7004709e-001
  8.0700000e+000  7.2656420e-001
  8.0800000e+000  8.3327804e-001
  8.0900000e+000  8.3051759e-001
  8.1000000e+000  8.2730469e-001
  8.1100000e+000  6.1916470e-001
  8.1200000e+000  8.5056430e-001
  8.1300000e+000  9.0052293e-001
  8.1400000e+000  5.2920372e-001
  8.1500000e+000  1.0714638e+000
  8.1600000e+000  5.4844353e-001
  8.1700000e+000  8.3059952e-001
  8.1800000e+000  7.7481274e-001
  8.1900000e+000  6.7408091e-001
  8.2000000e+000  8.4297583e-001
  8.2100000e+000  1.0093319e+000
  8.2200000e+000  7.8784760e-001
  8.2300000e+000  9.0292473e-001
  8.2400000e+000  7.5223892e-001
  8.2500000e+000  6.9593378e-001
  8.2600000e+000  1.0263205e+000
  8.2700000e+000  6.6268685e-001
  8.2800000e+000  2.5094832e-001
  8.2900000e+000  9.2625625e-001
  8.3000000e+000  6.8090857e-001
  8.3100000e+000  3.5078605e-001
  8.3200000e+000  7.9541625e-001
  8.3300000e+000  1.0743514e+000
  8.3400000e+000  6.2447570e-001
  8.3500000e+000  5.0227460e-001
  8.3600000e+000  2.7432470e-001
  8.3700000e+000  8.1790959e-001
  8.3800000e+000  9.8426165e-001
  8.3900000e+000  7.1717712e-001
  8.4000000e+000  9.2355591e-001
  8.4100000e+000  8.2669142e-001
  8.4200000e+000  9.9491934e-001
  8.4300000e+000  3.7298881e-001
  8.4400000e+000  6.0273581e-001
  8.4500000e+000  8.7679527e-001
  8.4600000e+000  7.6088885e-001
  8.4700000e+000  4.9512218e-001
  8.4800000e+000  5.6753497e-001
  8.4900000e+000  6.0990456e-001
  8.5000000e+000  8.6386582e-001
  8.5100000e+000  7.3452130e-001
  8.5200000e+000  6.0464998e-001
  8.5300000e+000  8.5268692e-001
  8.5400000e+000  5.3679316e-001
  8.5500000e+000  8.4286863e-001
  8.5600000e+000  8.8559828e-001
  8.5700000e+000  7.1302604e-001
  8.5800000e+000  2.5521266e-001
  8.5900000e+000  6.3229049e-001
  8.6000000e+000  5.0323767e-001
  8.6100000e+000  1.0147553e+000
  8.6200000e+000  9.2992805e-001
  8.6300000e+000  7.2574123e-001
  8.6400000e+000  7.2907490e-001
  8.6500000e+000  7.4184676e-001
  8.6600000e+000  3.4501080e-001
  8.6700000e+000  4.9501814e-001
  8.6800000e+000  5.4778356e-001
  8.6900000e+000  7.8086409e-001
  8.7000000e+000  9.6816673e-001
  8.7100000e+000  7.4102945e-001
  8.7200000e+000  8.6896665e-001
  8.7300000e+000  9.3154019e-001
  8.7400000e+000  7.7917945e-001
  8.7500000e+000  5.2881780e-001
  8.7600000e+000  9.3835633e-001
  8.7700000e+000  7.3029175e-001
  8.7800000e+000  4.3025064e-001
  8.7900000e+000  6.7473579e-001
  8.8000000e+000  7.3823059e-001
  8.8100000e+000  1.0253423e+000
  8.8200000e+000  1.1531928e+000
  8.8300000e+000  4.3378788e-001
  8.8400000e+000  4.7849750e-001
  8.8500000e+000  7.0964044e-001
  8.8600000e+000  7.2963500e-001
  8.8700000e+000  7.6351808e-001
  8.8800000e+000  1.1206894e+000
  8.8900000e+000  9.5523106e-001
  8.9000000e+000  4.1989232e-001
  8.9100000e+000  5.6887649e-001
  8.9200000e+000  3.9612703e-001
  8.9300000e+000  6.9170858e-001
  8.9400000e+000  9.7508954e-001
  8.9500000e+000  1.1225053e+000
  8.9600000e+000  7.2986161e-001
  8.9700000e+000  6.7644174e-001
  8.9800000e+000  8.5974014e-001
  8.9900000e+000  9.9967691e-001
  9.0000000e+000  5.6748688e-001
  9.0100000e+000  7.4639961e-001
  9.0200000e+000  6.2596231e-001
  9.0300000e+000  4.7391488e-001
  9.0400000e+000  3.9737782e-001
  9.0500000e+000  7.4395630e-001
  9.0600000e+000  8.6802883e-001
  9.0700000e+000  8.5494439e-001
  9.0800000e+000  4.9665263e-001
  9.0900000e+000  3.8263992e-001
  9.1000000e+000  6.9808942e-001
  9.1100000e+000  5.4315836e-001
  9.1200000e+000  6.5121159e-001
  9.1300000e+000  1.1500778e+000
  9.1400000e+000  1.2895141e+000
  9.1500000e+000  8.6914914e-001
  9.1600000e+000  9.1687353e-001
  9.1700000e+000  4.8492075e-001
  9.1800000e+000  6.3578409e-001
  9.1900000e+000  5.4947660e-001
  9.2000000e+000  9.0114109e-001
  9.2100000e+000  9.4594495e-001
  9.2200000e+000  6.3958480e-001
  9.2300000e+000  6.6878343e-001
  9.2400000e+000  5.7125907e-001
  9.2500000e+000  7.9142870e-001
  9.2600000e+000  7.4227899e-001
  9.2700000e+000  5.8971719e-001
  9.2800000e+000  8.7785688e-001
  9.2900000e+000  6.1133637e-001
  9.3000000e+000  6.8486941e-001
  9.3100000e+000  5.5504584e-001
  9.3200000e+000  6.6008717e-001
  9.3300000e+000  8.9646128e-001
  9.3400000e+000  9.5571371e-001
  9.3500000e+000  7.8211093e-001
  9.3600000e+000  6.7174263e-001
  9.3700000e+000  6.9290129e-001
  9.3800000e+000  7.4609130e-001
  9.3900000e+000  6.6529879e-001
  9.4000000e+000  6.4911002e-001
  9.4100000e+000  5.9320601e-001
  9.4200000e+000  7.0381332e-001
  9.4300000e+000  7.0584749e-001
  9.4400000e+000  7.0811998e-001
  9.4500000e+000  7.6729978e-001
  9.4600000e+000  7.9091519e-001
  9.4700000e+000  5.0677207e-001
  9.4800000e+000  8.7477208e-001
  9.4900000e+000  9.4410718e-001
  9.5000000e+000  7.7566809e-001
  9.5100000e+000  7.0941208e-001
  9.5200000e+000  6.2254426e-001
  9.5300000e+000  8.3229892e-001
  9.5400000e+000  7.2915467e-001
  9.5500000e+000  1.1371317e+000
  9.5600000e+000  9.3889583e-001
  9.5700000e+000  4.9659677e-001
  9.5800000e+000  8.2630390e-001
  9.5900000e+000  5.5696291e-001
  9.6000000e+000  6.6811714e-001
  9.6100000e+000  6.7844227e-001
  9.6200000e+000  6.7216284e-001
  9.6300000e+000  8.7570774e-001
  9.6400000e+000  3.9396215e-001
  9.6500000e+000  1.0260739e+000
  9.6600000e+000  1.0169090e+000
  9.6700000e+000  6.3626755e-001
  9.6800000e+000  1.0459449e-001
  9.6900000e+000  8.0887524e-001
  9.7000000e+000  8.4402934e-001
  9.7100000e+000  8.4355864e-001
  9.7200000e+000  1.1577952e+000
  9.7300000e+000  8.2430170e-001
  9.7400000e+000  5.8339571e-001
  9.7500000e+000  5.7399034e-001
  9.7600000e+000  6.6387949e-001
  9.7700000e+000  9.9610809e-001
  9.7800000e+000  7.1184310e-001
  9.7900000e+000  8.6717716e-001
  9.8000000e+000  1.0280862e+000
  9.8100000e+000  4.9152700e-001
  9.8200000e+000  7.1181988e-001
  9.8300000e+000  8.7998108e-001
  9.8400000e+000  8.5543275e-001
  9.8500000e+000  8.8993563e-001
  9.8600000e+000  8.9545726e-001
  9.8700000e+000  8.5740339e-001
  9.8800000e+000  6.1967954e-001
  9.8900000e+000  1.0241053e+000
  9.9000000e+000  8.5795262e-001
  9.9100000e+000  5.2270440e-001
  9.9200000e+000  7.1364871e-001
  9.9300000e+000  8.9970680e-001
  9.9400000e+000  8.6151406e-001
  9.9500000e+000  7.8122335e-001
  9.9600000e+000  4.7391675e-001
  9.9700000e+000  1.0124946e+000
  9.9800000e+000  4.2914019e-001
  9.9900000e+000  7.4676841e-001
  1.0000000e+001  8.9639151e-001
  1.0010000e+001  9.0569360e-001
  1.0020000e+001  6.9321303e-001
  1.0030000e+001  8.4953114e-001
  1.0040000e+001  5.3595052e-001
  1.0050000e+001  1.1510950e+000
  1.0060000e+001  5.9795216e-001
  1.0070000e+001  5.6958423e-001
  1.0080000e+001  5.2289296e-001
  1.0090000e+001  4.6764321e-001
  1.0100000e+001  8.3261083e-001
  1.0110000e+001  3.8366459e-001
  1.0120000e+001  8.4675489e-001
  1.0130000e+001  6.7097777e-001
  1.0140000e+001  6.1259221e-001
  1.0150000e+001  8.5806770e-001
  1.0160000e+001  5.4592025e-001
  1.0170000e+001  6.7052715e-001
  1.0180000e+001  9.1618159e-001
  1.0190000e+001  9.5370806e-001
  1.0200000e+001  6.2722904e-001
  1.0210000e+001  8.8969384e-001
  1.0220000e+001  2.8558742e-001
  1.0230000e+001  4.7532886e-001
  1.0240000e+001  1.0112400e+000
  1.0250000e+001  7.7946789e-001
  1.0260000e+001  4.2993673e-001
  1.0270000e+001  8.7900067e-001
  1.0280000e+001  6.1127850e-001
  1.0290000e+001  7.3935816e-001
  1.0300000e+001  6.2422175e-001
  1.0310000e+001  5.8866444e-001
  1.0320000e+001  8.1159978e-001
  1.0330000e+001  9.1929905e-001
  1.0340000e+001  1.0741781e+000
  1.0350000e+001  8.7217689e-001
  1.0360000e+001  2.5444093e-001
  1.0370000e+001  1.0787650e+000
  1.0380000e+001  8.9630916e-001
  1.0390000e+001  6.7623904e-001
  1.0400000e+001  7.5116807e-001
  1.0410000e+001  8.9578554e-001
  1.0420000e+001  9.0746266e-001
  1.0430000e+001  6.7927755e-001
  1.0440000e+001  6.6307624e-001
  1.0450000e+001  5.9162800e-001
  1.0460000e+001  7.5388297e-001
  1.0470000e+001  5.7941117e-001
  1.0480000e+001  4.9089314e-001
  1.0490000e+001  8.8142678e-001
  1.0500000e+001  6.7936710e-001
  1.0510000e+001  8.3568437e-001
  1.0520000e+001  6.4870904e-001
  1.0530000e+001  9.6955587e-001
  1.0540000e+001  6.9393923e-001
  1.0550000e+001  5.0642963e-001
  1.0560000e+001  1.1491945e+000
  1.0570000e+001  6.5573705e-001
  1.0580000e+001  5.4715706e-001
  1.0590000e+001  4.2593479e-001
  1.0600000e+001  1.0733708e-001
  1.0610000e+001  8.8008986e-001
  1.0620000e+001  1.0183043e+000
  1.0630000e+001  6.2736581e-001
  1.0640000e+001  3.4466870e-001
  1.0650000e+001  5.9790501e-001
  1.0660000e+001  2.7642598e-001
  1.0670000e+001  4.9607581e-001
  1.0680000e+001  8.1876759e-001
  1.0690000e+001  8.1056193e-001
  1.0700000e+001  6.7254668e-001
  1.0710000e+001  4.4232784e-001
  1.0720000e+001  9.6616578e-001
  1.0730000e+001  5.9682865e-001
  1.0740000e+001  5.6304149e-001
  1.0750000e+001  1.0012024e+000
  1.0760000e+001  7.2727721e-001
  1.0770000e+001  9.9365721e-001
  1.0780000e+001  8.2957031e-001
  1.0790000e+001  6.9127646e-001
  1.0800000e+001  8.2785179e-001
  1.0810000e+001  1.2393214e+000
  1.0820000e+001  8.3823579e-001
  1.0830000e+001  6.1914794e-001
  1.0840000e+001  5.4288696e-001
  1.0850000e+001  7.0937498e-001
  1.0860000e+001  6.4359243e-001
  1.0870000e+001  3.0247588e-001
  1.0880000e+001  5.5242261e-001
  1.0890000e+001  8.8419828e-001
  1.0900000e+001  1.0880656e+000
  1.0910000e+001  9.4149393e-001
  1.0920000e+001  7.2333674e-001
  1.0930000e+001  7.1056492e-001
  1.0940000e+001  6.4052179e-001
  1.0950000e+001  8.4281782e-001
  1.0960000e+001  7.7328837e-001
  1.0970000e+001  5.2029370e-001
  1.0980000e+001  6.8687689e-001
  1.0990000e+001  7.1763625e-001
  1.1000000e+001  6.7320600e-001
  1.1010000e+001  8.0955877e-001
  1.1020000e+001  7.5878513e-001
  1.1030000e+001  7.0033541e-001
  1.1040000e+001  9.1288171e-001
  1.1050000e+001  6.9523700e-001
  1.1060000e+001  6.8345565e-001
  1.1070000e+001  1.0381773e+000
  1.1080000e+001  5.9626568e-001
  1.1090000e+001  7.2840081e-001
  1.1100000e+001  7.3391927e-001
  1.1110000e+001  1.2142471e+000
  1.1120000e+001  1.0246254e+000
  1.1130000e+001  9.7570998e-001
  1.1140000e+001  9.2217172e-001
  1.1150000e+001  7.5376380e-001
  1.1160000e+001  4.5481140e-001
  1.1170000e+001  9.6331619e-001
  1.1180000e+001  7.1616158e-001
  1.1190000e+001  7.0773882e-001
  1.1200000e+001  6.9782427e-001
  1.1210000e+001  1.1020119e+000
  1.1220000e+001  9.5719261e-001
  1.1230000e+001  9.9321879e-001
  1.1240000e+001  6.9763098e-001
  1.1250000e+001  7.8829972e-001
  1.1260000e+001  1.0971986e+000
  1.1270000e+001  6.4988212e-001
  1.1280000e+001  1.0213236e+000
  1.1290000e+001  8.1683708e-001
  1.1300000e+001  7.5112164e-001
  1.1310000e+001  1.0861344e+000
  1.1320000e+001  5.1274055e-001
  1.1330000e+001  6.7831728e-001
  1.1340000e+001  7.5293335e-001
  1.1350000e+001  8.3910931e-001
  1.1360000e+001  2.8357710e-001
  1.1370000e+001  4.7080964e-001
  1.1380000e+001  7.4145503e-001
  1.1390000e+001  7.7430197e-001
  1.1400000e+001  8.6598755e-001
  1.1410000e+001  7.3818932e-001
  1.1420000e+001  8.0841467e-001
  1.1430000e+001  8.9779818e-001
  1.1440000e+001  7.6852151e-001
  1.1450000e+001  7.4991843e-001
  1.1460000e+001  6.0594169e-001
  1.1470000e+001  9.5850296e-001
  1.1480000e+001  8.5169550e-001
  1.1490000e+001  5.0724440e-001
  1.1500000e+001  7.2759733e-001
  1.1510000e+001  5.8121716e-001
  1.1520000e+001  6.2361556e-001
  1.1530000e+001  1.1606194e+000
  1.1540000e+001  8.1029575e-001
  1.1550000e+001  8.1991992e-001
  1.1560000e+001  7.5979761e-001
  1.1570000e+001  8.8801737e-001
  1.1580000e+001  1.0785826e+000
  1.1590000e+001  3.1672332e-001
  1.1600000e+001  8.6699846e-001
  1.1610000e+001  6.8129725e-001
  1.1620000e+001  9.9179734e-001
  1.1630000e+001  6.1248371e-001
  1.1640000e+001  8.8096833e-001
  1.1650000e+001  9.1792484e-001
  1.1660000e+001  5.3158355e-001
  1.1670000e+001  8.1534744e-001
  1.1680000e+001  9.9853334e-001
  1.1690000e+001  4.5573588e-001
  1.1700000e+001  7.1845895e-001
  1.1710000e+001  6.0322685e-001
  1.1720000e+001  2.5749586e-001
  1.1730000e+001  9.6898249e-001
  1.1740000e+001  6.1016863e-001
  1.1750000e+001  5.8974132e-001
  1.1760000e+001  3.9709380e-001
  1.1770000e+001  4.6475884e-001
  1.1780000e+001  9.8688506e-001
  1.1790000e+001  7.5571278e-001
  1.1800000e+001  1.3138030e+000
  1.1810000e+001  8.8483863e-001
  1.1820000e+001  4.4391601e-001
  1.1830000e+001  6.3586334e-001
  1.1840000e+001  4.6002960e-001
  1.1850000e+001  4.8943610e-001
  1.1860000e+001  6.0128455e-001
  1.1870000e+001  5.8862504e-001
  1.1880000e+001  9.4839462e-001
  1.1890000e+001  6.2757530e-001
  1.1900000e+001  6.8517535e-001
  1.1910000e+001  3.3597177e-001
  1.1920000e+001  6.7456310e-001
  1.1930000e+001  1.1957878e+000
  1.1940000e+001  9.5785975e-001
  1.1950000e+001  7.8438636e-001
  1.1960000e+001  8.6267891e-001
  1.1970000e+001  9.5881748e-001
  1.1980000e+001  5.1771060e-001
  1.1990000e+001  6.3472490e-001
  1.2000000e+001  9.2317508e-001
  1.2010000e+001  4.3278722e-001
  1.2020000e+001  6.8303155e-001
  1.2030000e+001  9.3812141e-001
  1.2040000e+001  7.8732155e-001
  1.2050000e+001  9.8581254e-001
  1.2060000e+001  7.3445244e-001
  1.2070000e+001  6.5018354e-001
  1.2080000e+001  6.8098648e-001
  1.2090000e+001  5.8272345e-001
  1.2100000e+001  5.0124707e-001
  1.2110000e+001  8.8951643e-001
  1.2120000e+001  4.0726455e-001
  1.2130000e+001  3.2848566e-001
  1.2140000e+001  7.7566041e-001
  1.2150000e+001  1.0741677e+000
  1.2160000e+001  7.5473202e-001
  1.2170000e+001  9.9011188e-001
  1.2180000e+001  1.0500154e+000
  1.2190000e+001  3.5878392e-001
  1.2200000e+001  6.5144172e-001
  1.2210000e+001  6.0776140e-001
  1.2220000e+001  8.7450814e-001
  1.2230000e+001  8.4574900e-001
  1.2240000e+001  1.0928909e+000
  1.2250000e+001  7.4717396e-001
  1.2260000e+001  7.1687426e-001
  1.2270000e+001  7.7356032e-001
  1.2280000e+001  1.1052854e+000
  1.2290000e+001  6.2849003e-001
  1.2300000e+001  8.6372049e-001
  1.2310000e+001  9.0678708e-001
  1.2320000e+001  8.9027194e-001
  1.2330000e+001  2.6329807e-001
  1.2340000e+001  1.1685632e-001
  1.2350000e+001  8.4438985e-001
  1.2360000e+001  8.8796492e-001
  1.2370000e+001  4.0579569e-001
  1.2380000e+001  7.4708242e-001
  1.2390000e+001  8.7576954e-001
  1.2400000e+001  7.4426999e-001
  1.2410000e+001  1.0224042e+000
  1.2420000e+001  9.7262620e-001
  1.2430000e+001  8.6619931e-001
  1.2440000e+001  8.4566014e-001
  1.2450000e+001  6.1359633e-001
  1.2460000e+001  6.7781012e-001
  1.2470000e+001  8.4698618e-001
  1.2480000e+001  1.0167269e+000
  1.2490000e+001  1.0396342e+000
  1.2500000e+001  3.3388408e-001
