  0.0000000e+000  2.3630457e-001
  1.0000000e-002 -4.7822991e-002
  2.0000000e-002 -2.2468062e-002
  3.0000000e-002  1.3607389e-001
  4.0000000e-002  3.2435593e-002
  5.0000000e-002 -1.4329307e-001
  6.0000000e-002 -1.7044880e-001
  7.0000000e-002  1.3045156e-002
  8.0000000e-002  2.1137262e-001
  9.0000000e-002 -1.1023870e-001
  1.0000000e-001 -9.7137128e-002
  1.1000000e-001  3.9494250e-001
  1.2000000e-001  1.1006644e-002
  1.3000000e-001 -2.7620463e-001
  1.4000000e-001 -1.4137621e-001
  1.5000000e-001 -2.8083831e-001
  1.6000000e-001 -1.9861735e-001
  1.7000000e-001 -3.2596049e-001
  1.8000000e-001 -1.1092593e-001
  1.9000000e-001 -7.4354488e-002
  2.0000000e-001 -1.1074567e-001
  2.1000000e-001 -9.6634946e-002
  2.2000000e-001 -5.4224732e-001
  2.3000000e-001 -1.5548638e-003
  2.4000000e-001  4.5638269e-002
  2.5000000e-001  3.3351151e-002
  2.6000000e-001 -4.9654145e-002
  2.7000000e-001 -6.3284391e-002
  2.8000000e-001 -2.9006386e-002
  2.9000000e-001 -1.8428757e-001
  3.0000000e-001 -3.2235394e-001
  3.1000000e-001 -2.9294589e-001
  3.2000000e-001 -1.7210433e-002
  3.3000000e-001 -1.4840277e-001
  3.4000000e-001 -4.8971263e-001
  3.5000000e-001 -5.1442980e-001
  3.6000000e-001 -2.9027191e-001
  3.7000000e-001 -2.0011199e-001
  3.8000000e-001 -3.2104719e-001
  3.9000000e-001 -4.4304228e-001
  4.0000000e-001 -2.7597394e-001
  4.1000000e-001 -2.3515319e-001
  4.2000000e-001 -1.6447198e-001
  4.3000000e-001 -2.1471549e-001
  4.4000000e-001 -4.5249877e-001
  4.5000000e-001 -3.5648590e-001
  4.6000000e-001 -1.2773638e-001
  4.7000000e-001 -3.3734369e-001
  4.8000000e-001 -3.0565836e-002
  4.9000000e-001 -2.9763651e-001
  5.0000000e-001 -3.3150593e-001
  5.1000000e-001 -5.6280263e-001
  5.2000000e-001 -1.0936222e-001
  5.3000000e-001 -6.7013571e-002
  5.4000000e-001 -5.7400777e-002
  5.5000000e-001  1.5117260e-001
  5.6000000e-001 -3.9912140e-001
  5.7000000e-001 -1.2406351e-001
  5.8000000e-001 -4.4341256e-001
  5.9000000e-001 -4.9040541e-001
  6.0000000e-001 -2.5669085e-001
  6.1000000e-001 -2.6925316e-001
  6.2000000e-001 -2.9860580e-001
  6.3000000e-001 -2.2312486e-001
  6.4000000e-001 -2.0157130e-001
  6.5000000e-001 -7.0545881e-002
  6.6000000e-001 -2.5940099e-001
  6.7000000e-001 -3.1317274e-001
  6.8000000e-001  2.7372382e-001
  6.9000000e-001 -2.4910202e-001
  7.0000000e-001  1.3304890e-001
  7.1000000e-001 -2.4829724e-002
  7.2000000e-001 -3.9681064e-001
  7.3000000e-001  2.3517847e-002
  7.4000000e-001 -3.6208157e-001
  7.5000000e-001 -1.0973477e-001
  7.6000000e-001 -4.0022498e-002
  7.7000000e-001 -1.8064368e-001
  7.8000000e-001 -1.4098408e-001
  7.9000000e-001 -7.4738634e-002
  8.0000000e-001  1.4994020e-001
  8.1000000e-001 -2.3763939e-001
  8.2000000e-001 -3.8992118e-002
  8.3000000e-001 -8.5459324e-002
  8.4000000e-001 -3.7129003e-001
  8.5000000e-001  6.6424501e-002
  8.6000000e-001 -4.3294603e-001
  8.7000000e-001 -4.6063842e-001
  8.8000000e-001 -3.8700029e-001
  8.9000000e-001 -2.7128343e-002
  9.0000000e-001 -1.9926963e-001
  9.1000000e-001 -1.2317868e-002
  9.2000000e-001 -3.3554719e-002
  9.3000000e-001 -2.9501751e-001
  9.4000000e-001  6.6030482e-002
  9.5000000e-001 -7.3815075e-002
  9.6000000e-001 -3.2353182e-001
  9.7000000e-001 -4.5158718e-002
  9.8000000e-001 -1.4513552e-001
  9.9000000e-001  4.7392820e-002
  1.0000000e+000 -1.3858760e-001
  1.0100000e+000  9.8857651e-002
  1.0200000e+000 -2.5465680e-001
  1.0300000e+000 -8.7173036e-002
  1.0400000e+000 -1.0870118e-001
  1.0500000e+000 -4.0964134e-002
  1.0600000e+000  7.4520289e-002
  1.0700000e+000 -3.2884405e-001
  1.0800000e+000 -3.2047092e-001
  1.0900000e+000  1.6394826e-001
  1.1000000e+000  6.3656373e-002
  1.1100000e+000  3.3755687e-001
  1.1200000e+000  2.3212725e-001
  1.1300000e+000 -1.0518041e-001
  1.1400000e+000 -1.7453797e-001
  1.1500000e+000 -2.0177768e-001
  1.1600000e+000 -3.7523062e-001
  1.1700000e+000 -2.6646927e-002
  1.1800000e+000 -2.7933252e-001
  1.1900000e+000 -2.6149455e-001
  1.2000000e+000  3.3343422e-001
  1.2100000e+000 -6.2763880e-002
  1.2200000e+000  1.4490928e-001
  1.2300000e+000 -1.2254548e-001
  1.2400000e+000  3.0756426e-001
  1.2500000e+000  1.2190672e-001
  1.2600000e+000  2.5614649e-001
  1.2700000e+000 -2.1768375e-001
  1.2800000e+000 -2.5882309e-001
  1.2900000e+000 -5.4670881e-002
  1.3000000e+000 -2.7291181e-002
  1.3100000e+000  3.1779474e-002
  1.3200000e+000  1.8853492e-001
  1.3300000e+000 -1.3845233e-001
  1.3400000e+000 -1.3134992e-001
  1.3500000e+000 -1.3680360e-001
  1.3600000e+000  2.0267294e-001
  1.3700000e+000  2.2843978e-001
  1.3800000e+000  3.0992828e-001
  1.3900000e+000  4.9796342e-002
  1.4000000e+000  4.5406158e-002
  1.4100000e+000  7.1993458e-002
  1.4200000e+000 -1.7453183e-001
  1.4300000e+000 -1.2249864e-001
  1.4400000e+000  1.5450697e-001
  1.4500000e+000 -1.6300138e-001
  1.4600000e+000 -1.6866424e-001
  1.4700000e+000 -3.1945281e-003
  1.4800000e+000 -3.6316332e-002
  1.4900000e+000  8.9113368e-002
  1.5000000e+000  4.7142800e-002
  1.5100000e+000  3.5258094e-001
  1.5200000e+000  8.5987499e-002
  1.5300000e+000  2.5507610e-001
  1.5400000e+000 -1.9648868e-001
  1.5500000e+000  1.4076000e-002
  1.5600000e+000  4.2284138e-002
  1.5700000e+000  4.9855140e-002
  1.5800000e+000 -8.7586762e-002
  1.5900000e+000  2.1689174e-001
  1.6000000e+000  1.5583392e-001
  1.6100000e+000  1.3067302e-001
  1.6200000e+000 -4.9932588e-002
  1.6300000e+000  1.6829563e-001
  1.6400000e+000  2.1628901e-001
  1.6500000e+000 -2.0649700e-002
  1.6600000e+000  5.6156543e-002
  1.6700000e+000  3.0896638e-001
  1.6800000e+000  9.1035669e-002
  1.6900000e+000  1.4046909e-001
  1.7000000e+000  2.1623171e-001
  1.7100000e+000  1.3633584e-001
  1.7200000e+000  6.6416372e-002
  1.7300000e+000  2.9086181e-001
  1.7400000e+000 -1.7920255e-001
  1.7500000e+000  3.8570671e-001
  1.7600000e+000  3.3801794e-001
  1.7700000e+000 -5.0776567e-003
  1.7800000e+000  3.9810776e-001
  1.7900000e+000 -1.4790624e-001
  1.8000000e+000  3.5111367e-001
  1.8100000e+000  4.0924277e-001
  1.8200000e+000  6.2050370e-002
  1.8300000e+000  1.0688621e-001
  1.8400000e+000  9.8511972e-002
  1.8500000e+000  7.1908269e-002
  1.8600000e+000  2.2388641e-002
  1.8700000e+000  1.3892876e-001
  1.8800000e+000  3.4014576e-001
  1.8900000e+000 -4.8492699e-003
  1.9000000e+000  2.9079006e-001
  1.9100000e+000  8.3065725e-002
  1.9200000e+000  5.5430904e-001
  1.9300000e+000  4.8691550e-001
  1.9400000e+000  1.3504203e-001
  1.9500000e+000  9.3689379e-002
  1.9600000e+000  1.7392909e-001
  1.9700000e+000  3.3304026e-001
  1.9800000e+000  4.1327052e-001
  1.9900000e+000  1.4467088e-001
  2.0000000e+000  2.6883991e-001
  2.0100000e+000  3.8091976e-001
  2.0200000e+000  4.7096722e-001
  2.0300000e+000  2.4631982e-002
  2.0400000e+000  3.9960024e-001
  2.0500000e+000  2.1021857e-001
  2.0600000e+000  5.1269788e-001
  2.0700000e+000  1.4865714e-001
  2.0800000e+000  2.6485753e-001
  2.0900000e+000  5.9968747e-001
  2.1000000e+000  5.3123575e-001
  2.1100000e+000  4.0517972e-001
  2.1200000e+000  3.8157221e-001
  2.1300000e+000  2.0048634e-001
  2.1400000e+000  5.3381493e-001
  2.1500000e+000  3.8378644e-001
  2.1600000e+000  7.5227357e-001
  2.1700000e+000  3.8025527e-001
  2.1800000e+000  2.8275967e-001
  2.1900000e+000  3.4280783e-001
  2.2000000e+000  4.4265799e-001
  2.2100000e+000  1.7800598e-001
  2.2200000e+000  6.3246979e-001
  2.2300000e+000 -6.1987815e-002
  2.2400000e+000  5.6547021e-001
  2.2500000e+000  5.2568770e-001
  2.2600000e+000  8.8377210e-001
  2.2700000e+000  5.4786034e-001
  2.2800000e+000  4.6394193e-001
  2.2900000e+000  4.2424258e-001
  2.3000000e+000  4.6338374e-001
  2.3100000e+000  4.7851000e-001
  2.3200000e+000  2.4128757e-001
  2.3300000e+000  6.5509892e-001
  2.3400000e+000  6.7720135e-001
  2.3500000e+000  7.0867676e-001
  2.3600000e+000  5.0195945e-001
  2.3700000e+000  5.2644235e-001
  2.3800000e+000  4.6972243e-001
  2.3900000e+000  8.2920038e-001
  2.4000000e+000  3.8387752e-001
  2.4100000e+000  3.9213244e-001
  2.4200000e+000  1.4601003e-001
  2.4300000e+000  6.6519329e-001
  2.4400000e+000  5.8642819e-001
  2.4500000e+000  6.2426797e-001
  2.4600000e+000  5.7443534e-001
  2.4700000e+000  4.9800366e-001
  2.4800000e+000  5.3226732e-001
  2.4900000e+000  5.1513161e-001
  2.5000000e+000  4.8080933e-001
  2.5100000e+000  5.5079486e-001
  2.5200000e+000  4.1819754e-001
  2.5300000e+000  5.2944377e-001
  2.5400000e+000  8.8532955e-001
  2.5500000e+000  8.3348676e-001
  2.5600000e+000  5.0274029e-001
  2.5700000e+000  6.9010615e-001
  2.5800000e+000  7.6405104e-001
  2.5900000e+000  8.4416850e-001
  2.6000000e+000  4.8774367e-001
  2.6100000e+000  4.3055798e-001
  2.6200000e+000  6.5200730e-001
  2.6300000e+000  4.4353490e-001
  2.6400000e+000  8.0269958e-001
  2.6500000e+000  6.2468029e-001
  2.6600000e+000  7.3839319e-001
  2.6700000e+000  4.3979509e-001
  2.6800000e+000  8.9393027e-001
  2.6900000e+000  4.0527205e-001
  2.7000000e+000  8.4844823e-001
  2.7100000e+000  5.5349656e-001
  2.7200000e+000  7.0408228e-001
  2.7300000e+000  9.8218880e-001
  2.7400000e+000  5.4428629e-001
  2.7500000e+000  7.3033967e-001
  2.7600000e+000  6.6526875e-001
  2.7700000e+000  2.7605354e-001
  2.7800000e+000  8.1047996e-001
  2.7900000e+000  9.3540920e-001
  2.8000000e+000  7.2423332e-001
  2.8100000e+000  7.6219051e-001
  2.8200000e+000  1.0792703e+000
  2.8300000e+000  9.4432992e-001
  2.8400000e+000  5.2367023e-001
  2.8500000e+000  8.4087580e-001
  2.8600000e+000  6.5568890e-001
  2.8700000e+000  8.1935939e-001
  2.8800000e+000  5.9883314e-001
  2.8900000e+000  9.9482125e-001
  2.9000000e+000  2.5973493e-001
  2.9100000e+000  6.9719164e-001
  2.9200000e+000  4.6130157e-001
  2.9300000e+000  6.9866375e-001
  2.9400000e+000  8.1770290e-001
  2.9500000e+000  9.4077028e-001
  2.9600000e+000  9.9476357e-001
  2.9700000e+000  7.4953580e-001
  2.9800000e+000  3.2271111e-001
  2.9900000e+000  8.8224962e-001
  3.0000000e+000  6.7855036e-001
  3.0100000e+000  8.5155103e-001
  3.0200000e+000  8.3845960e-001
  3.0300000e+000  8.8631504e-001
  3.0400000e+000  8.0898941e-001
  3.0500000e+000  6.6849094e-001
  3.0600000e+000  6.6837741e-001
  3.0700000e+000  1.1628243e+000
  3.0800000e+000  3.7460672e-001
  3.0900000e+000  6.9814323e-001
  3.1000000e+000  6.7091980e-001
  3.1100000e+000  8.1625957e-001
  3.1200000e+000  8.1728130e-001
  3.1300000e+000  1.1522364e+000
  3.1400000e+000  6.4450426e-001
  3.1500000e+000  8.3489516e-001
  3.1600000e+000  8.5825120e-001
  3.1700000e+000  4.9141768e-001
  3.1800000e+000  7.4203631e-001
  3.1900000e+000  8.2532706e-001
  3.2000000e+000  5.7274927e-001
  3.2100000e+000  5.8752527e-001
  3.2200000e+000  5.9953455e-001
  3.2300000e+000  7.0999137e-001
  3.2400000e+000  9.1305174e-001
  3.2500000e+000  5.7088901e-001
  3.2600000e+000  8.8793380e-001
  3.2700000e+000  9.0992447e-001
  3.2800000e+000  6.3780165e-001
  3.2900000e+000  8.8228821e-001
  3.3000000e+000  9.3103739e-001
  3.3100000e+000  1.1231035e+000
  3.3200000e+000  4.7188835e-001
  3.3300000e+000  7.8018790e-001
  3.3400000e+000  5.8797292e-001
  3.3500000e+000  1.0030770e+000
  3.3600000e+000  4.1708658e-001
  3.3700000e+000  6.6099942e-001
  3.3800000e+000  6.3517289e-001
  3.3900000e+000  1.0074115e+000
  3.4000000e+000  6.6466832e-001
  3.4100000e+000  8.7825891e-001
  3.4200000e+000  9.7277732e-001
  3.4300000e+000  8.1371746e-001
  3.4400000e+000  4.3952615e-001
  3.4500000e+000  7.6389886e-001
  3.4600000e+000  1.0988143e+000
  3.4700000e+000  1.0277142e+000
  3.4800000e+000  6.4589814e-001
  3.4900000e+000  8.7250463e-001
  3.5000000e+000  6.5426254e-001
  3.5100000e+000  8.9516569e-001
  3.5200000e+000  1.2038770e+000
  3.5300000e+000  9.6358711e-001
  3.5400000e+000  7.6561714e-001
  3.5500000e+000  9.7918310e-001
  3.5600000e+000  9.6670932e-001
  3.5700000e+000  1.2972457e+000
  3.5800000e+000  6.3160893e-001
  3.5900000e+000  1.0466750e+000
  3.6000000e+000  7.9241218e-001
  3.6100000e+000  6.2904355e-001
  3.6200000e+000  6.3865932e-001
  3.6300000e+000  1.2417210e+000
  3.6400000e+000  5.3701223e-001
  3.6500000e+000  8.0464371e-001
  3.6600000e+000  7.8131791e-001
  3.6700000e+000  1.1208488e+000
  3.6800000e+000  9.8173278e-001
  3.6900000e+000  1.2295803e+000
  3.7000000e+000  7.0875677e-001
  3.7100000e+000  8.7040381e-001
  3.7200000e+000  6.5719867e-001
  3.7300000e+000  1.1330031e+000
  3.7400000e+000  1.3312367e+000
  3.7500000e+000  1.1194130e+000
  3.7600000e+000  7.8596432e-001
  3.7700000e+000  8.9344322e-001
  3.7800000e+000  8.5969041e-001
  3.7900000e+000  9.7793508e-001
  3.8000000e+000  6.7305743e-001
  3.8100000e+000  1.3409584e+000
  3.8200000e+000  1.0321783e+000
  3.8300000e+000  9.5267297e-001
  3.8400000e+000  7.2762594e-001
  3.8500000e+000  9.7449821e-001
  3.8600000e+000  1.0241231e+000
  3.8700000e+000  8.1318796e-001
  3.8800000e+000  8.9251027e-001
  3.8900000e+000  5.9347205e-001
  3.9000000e+000  7.5399669e-001
  3.9100000e+000  9.1800577e-001
  3.9200000e+000  7.9075264e-001
  3.9300000e+000  7.9868026e-001
  3.9400000e+000  1.2150071e+000
  3.9500000e+000  7.5311822e-001
  3.9600000e+000  9.2915406e-001
  3.9700000e+000  7.7431599e-001
  3.9800000e+000  9.1865335e-001
  3.9900000e+000  6.1856347e-001
  4.0000000e+000  4.0645317e-001
  4.0100000e+000  1.4539059e+000
  4.0200000e+000  7.5511996e-001
  4.0300000e+000  9.0924658e-001
  4.0400000e+000  1.1714934e+000
  4.0500000e+000  9.0825036e-001
  4.0600000e+000  8.1947588e-001
  4.0700000e+000  8.9351084e-001
  4.0800000e+000  6.8178980e-001
  4.0900000e+000  1.1886058e+000
  4.1000000e+000  7.4179793e-001
  4.1100000e+000  9.1656191e-001
  4.1200000e+000  8.0968641e-001
  4.1300000e+000  1.0089692e+000
  4.1400000e+000  7.0716147e-001
  4.1500000e+000  1.0730859e+000
  4.1600000e+000  4.8298659e-001
  4.1700000e+000  8.3915364e-001
  4.1800000e+000  1.4154935e+000
  4.1900000e+000  6.8693082e-001
  4.2000000e+000  1.0308375e+000
  4.2100000e+000  7.5780695e-001
  4.2200000e+000  8.4576906e-001
  4.2300000e+000  8.2375781e-001
  4.2400000e+000  1.0815003e+000
  4.2500000e+000  8.2681770e-001
  4.2600000e+000  5.2209305e-001
  4.2700000e+000  6.9070585e-001
  4.2800000e+000  1.2506532e+000
  4.2900000e+000  1.1696476e+000
  4.3000000e+000  9.8159228e-001
  4.3100000e+000  1.2670666e+000
  4.3200000e+000  8.7806871e-001
  4.3300000e+000  1.1748981e+000
  4.3400000e+000  5.9293940e-001
  4.3500000e+000  7.0657257e-001
  4.3600000e+000  9.1105886e-001
  4.3700000e+000  7.2389129e-001
  4.3800000e+000  9.1011000e-001
  4.3900000e+000  8.1493289e-001
  4.4000000e+000  7.5771066e-001
  4.4100000e+000  8.6969177e-001
  4.4200000e+000  8.4820911e-001
  4.4300000e+000  7.4137146e-001
  4.4400000e+000  9.2752434e-001
  4.4500000e+000  7.0899504e-001
  4.4600000e+000  9.6963290e-001
  4.4700000e+000  9.2232601e-001
  4.4800000e+000  1.2965349e+000
  4.4900000e+000  9.0154046e-001
  4.5000000e+000  1.1914245e+000
  4.5100000e+000  1.1396677e+000
  4.5200000e+000  9.6815491e-001
  4.5300000e+000  5.6196606e-001
  4.5400000e+000  6.5005234e-001
  4.5500000e+000  1.1736607e+000
  4.5600000e+000  9.9611360e-001
  4.5700000e+000  5.7708217e-001
  4.5800000e+000  8.8985032e-001
  4.5900000e+000  8.7900823e-001
  4.6000000e+000  8.2362355e-001
  4.6100000e+000  4.7237247e-001
  4.6200000e+000  1.2606070e+000
  4.6300000e+000  9.2729010e-001
  4.6400000e+000  9.8173549e-001
  4.6500000e+000  6.4411651e-001
  4.6600000e+000  9.6449152e-001
  4.6700000e+000  8.0197714e-001
  4.6800000e+000  7.1884487e-001
  4.6900000e+000  9.4581288e-001
  4.7000000e+000  7.7794612e-001
  4.7100000e+000  7.5179166e-001
  4.7200000e+000  9.9002815e-001
  4.7300000e+000  1.0914079e+000
  4.7400000e+000  8.8033957e-001
  4.7500000e+000  9.4632574e-001
  4.7600000e+000  6.3079561e-001
  4.7700000e+000  7.1866487e-001
  4.7800000e+000  6.9989251e-001
  4.7900000e+000  9.1716924e-001
  4.8000000e+000  1.1855030e+000
  4.8100000e+000  7.9174599e-001
  4.8200000e+000  7.9445535e-001
  4.8300000e+000  7.4167327e-001
  4.8400000e+000  1.1238852e+000
  4.8500000e+000  7.1038163e-001
  4.8600000e+000  9.5753770e-001
  4.8700000e+000  8.7120442e-001
  4.8800000e+000  7.4710839e-001
  4.8900000e+000  7.9521601e-001
  4.9000000e+000  9.7852012e-001
  4.9100000e+000  1.5390297e+000
  4.9200000e+000  7.5296169e-001
  4.9300000e+000  7.1540547e-001
  4.9400000e+000  1.0169987e+000
  4.9500000e+000  9.9516138e-001
  4.9600000e+000  1.1158651e+000
  4.9700000e+000  1.1943003e+000
  4.9800000e+000  9.0440102e-001
  4.9900000e+000  8.7559593e-001
  5.0000000e+000  9.3131259e-001
  5.0100000e+000  8.6676199e-001
  5.0200000e+000  1.0357865e+000
  5.0300000e+000  9.5549013e-001
  5.0400000e+000  9.7454580e-001
  5.0500000e+000  1.2830552e+000
  5.0600000e+000  1.3255682e+000
  5.0700000e+000  9.0577599e-001
  5.0800000e+000  9.0139774e-001
  5.0900000e+000  5.3200152e-001
  5.1000000e+000  9.4550512e-001
  5.1100000e+000  1.0204007e+000
  5.1200000e+000  8.7967095e-001
  5.1300000e+000  8.1562020e-001
  5.1400000e+000  5.7124412e-001
  5.1500000e+000  8.8596565e-001
  5.1600000e+000  7.9164800e-001
  5.1700000e+000  1.0036271e+000
  5.1800000e+000  4.0332200e-001
  5.1900000e+000  8.3284541e-001
  5.2000000e+000  6.4912496e-001
  5.2100000e+000  5.2225629e-001
  5.2200000e+000  9.8273097e-001
  5.2300000e+000  6.8395692e-001
  5.2400000e+000  7.9677422e-001
  5.2500000e+000  5.7868615e-001
  5.2600000e+000  6.4795140e-001
  5.2700000e+000  8.4482947e-001
  5.2800000e+000  9.4461407e-001
  5.2900000e+000  6.9025454e-001
  5.3000000e+000  6.1477285e-001
  5.3100000e+000  1.1971271e+000
  5.3200000e+000  4.5429557e-001
  5.3300000e+000  1.1326552e+000
  5.3400000e+000  7.4743489e-001
  5.3500000e+000  1.2588064e+000
  5.3600000e+000  8.8603012e-001
  5.3700000e+000  6.8822764e-001
  5.3800000e+000  6.5991730e-001
  5.3900000e+000  5.1003936e-001
  5.4000000e+000  7.9484511e-001
  5.4100000e+000  8.8523484e-001
  5.4200000e+000  8.1093334e-001
  5.4300000e+000  9.2371377e-001
  5.4400000e+000  1.2062075e+000
  5.4500000e+000  8.2767886e-001
  5.4600000e+000  1.1152187e+000
  5.4700000e+000  6.7954903e-001
  5.4800000e+000  1.0354121e+000
  5.4900000e+000  8.4035575e-001
  5.5000000e+000  8.0652520e-001
  5.5100000e+000  9.5470527e-001
  5.5200000e+000  9.2973907e-001
  5.5300000e+000  9.1483593e-001
  5.5400000e+000  5.5206319e-001
  5.5500000e+000  8.2908417e-001
  5.5600000e+000  5.2660630e-001
  5.5700000e+000  1.0144508e+000
  5.5800000e+000  6.5472315e-001
  5.5900000e+000  7.2422794e-001
  5.6000000e+000  1.0706057e+000
  5.6100000e+000  1.0247790e+000
  5.6200000e+000  1.0626153e+000
  5.6300000e+000  9.0805323e-001
  5.6400000e+000  6.4044637e-001
  5.6500000e+000  8.2570252e-001
  5.6600000e+000  7.3513774e-001
  5.6700000e+000  5.5788193e-001
  5.6800000e+000  8.5219753e-001
  5.6900000e+000  1.0625919e+000
  5.7000000e+000  1.1874009e+000
  5.7100000e+000  4.6760891e-001
  5.7200000e+000  1.0771023e+000
  5.7300000e+000  1.1433329e+000
  5.7400000e+000  5.0783436e-001
  5.7500000e+000  4.1985844e-001
  5.7600000e+000  9.5793838e-001
  5.7700000e+000  9.6557917e-001
  5.7800000e+000  7.5945080e-001
  5.7900000e+000  1.0456031e+000
  5.8000000e+000  6.6048498e-001
  5.8100000e+000  1.0633641e+000
  5.8200000e+000  1.0082475e+000
  5.8300000e+000  6.6607945e-001
  5.8400000e+000  6.3482608e-001
  5.8500000e+000  1.0151701e+000
  5.8600000e+000  1.2868314e+000
  5.8700000e+000  7.8491308e-001
  5.8800000e+000  1.0782401e+000
  5.8900000e+000  8.9817384e-001
  5.9000000e+000  4.7077397e-001
  5.9100000e+000  6.8563155e-001
  5.9200000e+000  1.0700804e+000
  5.9300000e+000  1.1529895e+000
  5.9400000e+000  5.8191890e-001
  5.9500000e+000  8.0967476e-001
  5.9600000e+000  6.5502368e-001
  5.9700000e+000  3.7489013e-001
  5.9800000e+000  5.8179041e-001
  5.9900000e+000  6.8822327e-001
  6.0000000e+000  7.4983607e-001
  6.0100000e+000  8.7212072e-001
  6.0200000e+000  1.1844896e+000
  6.0300000e+000  7.7107097e-001
  6.0400000e+000  8.6907490e-001
  6.0500000e+000  5.2684124e-001
  6.0600000e+000  2.9913183e-001
  6.0700000e+000  5.2383329e-001
  6.0800000e+000  8.3974424e-001
  6.0900000e+000  8.4056821e-001
  6.1000000e+000  6.9526316e-001
  6.1100000e+000  1.0167318e+000
  6.1200000e+000  9.6247480e-001
  6.1300000e+000  7.2397568e-001
  6.1400000e+000  9.6461421e-001
  6.1500000e+000  8.2501274e-001
  6.1600000e+000  2.2669209e-001
  6.1700000e+000  4.0996283e-001
  6.1800000e+000  9.1669852e-001
  6.1900000e+000  8.5841188e-001
  6.2000000e+000  1.1734238e+000
  6.2100000e+000  7.2291114e-001
  6.2200000e+000  5.1712013e-001
  6.2300000e+000  6.3777544e-001
  6.2400000e+000  5.8886458e-001
  6.2500000e+000  5.4654339e-001
  6.2600000e+000  5.4217186e-001
  6.2700000e+000  4.5568746e-001
  6.2800000e+000  8.1286737e-001
  6.2900000e+000  8.5225967e-001
  6.3000000e+000  9.6355389e-001
  6.3100000e+000  6.8303415e-001
  6.3200000e+000  1.0800588e+000
  6.3300000e+000  6.0130070e-001
  6.3400000e+000  1.0353947e+000
  6.3500000e+000  8.9055219e-001
  6.3600000e+000  8.9180249e-001
  6.3700000e+000  4.6567454e-001
  6.3800000e+000  7.2413188e-001
  6.3900000e+000  6.4719663e-001
  6.4000000e+000  8.9852206e-001
  6.4100000e+000  1.1297565e+000
  6.4200000e+000  8.5989842e-001
  6.4300000e+000  6.6537578e-001
  6.4400000e+000  6.1317742e-001
  6.4500000e+000  5.9709177e-001
  6.4600000e+000  7.0937934e-001
  6.4700000e+000  6.3290478e-001
  6.4800000e+000  6.6723435e-001
  6.4900000e+000  7.8456310e-001
  6.5000000e+000  5.3076298e-001
  6.5100000e+000  8.8880620e-001
  6.5200000e+000  7.2229968e-001
  6.5300000e+000  1.0003420e+000
  6.5400000e+000  1.0269576e+000
  6.5500000e+000  7.6862826e-001
  6.5600000e+000  6.6536934e-001
  6.5700000e+000  6.4686024e-001
  6.5800000e+000  6.2764260e-001
  6.5900000e+000  8.4026016e-001
  6.6000000e+000  6.1207524e-001
  6.6100000e+000  4.8099246e-001
  6.6200000e+000  9.0690876e-001
  6.6300000e+000  5.5877465e-001
  6.6400000e+000  6.2254337e-001
  6.6500000e+000  7.2604338e-001
  6.6600000e+000  7.4259834e-001
  6.6700000e+000  6.8370496e-001
  6.6800000e+000  6.8342037e-001
  6.6900000e+000  5.8855911e-001
  6.7000000e+000  8.5371211e-001
  6.7100000e+000  6.0601760e-001
  6.7200000e+000  9.1325879e-001
  6.7300000e+000  2.7366066e-001
  6.7400000e+000  9.7711574e-001
  6.7500000e+000  6.0032021e-001
  6.7600000e+000  8.8278555e-001
  6.7700000e+000  1.4310109e-001
  6.7800000e+000  3.0505996e-001
  6.7900000e+000  6.1049888e-001
  6.8000000e+000  5.8213348e-001
  6.8100000e+000  6.9139520e-001
  6.8200000e+000  1.0192173e+000
  6.8300000e+000  7.3423694e-001
  6.8400000e+000  9.5118960e-001
  6.8500000e+000  6.9764220e-001
  6.8600000e+000  8.8274953e-001
  6.8700000e+000  8.4716982e-001
  6.8800000e+000  8.4286194e-001
  6.8900000e+000  1.1942129e+000
  6.9000000e+000  1.3036328e+000
  6.9100000e+000  6.9566110e-001
  6.9200000e+000  1.0742378e+000
  6.9300000e+000  5.1064582e-001
  6.9400000e+000  5.2530744e-001
  6.9500000e+000  4.0643237e-001
  6.9600000e+000  6.3262497e-001
  6.9700000e+000  8.3723631e-001
  6.9800000e+000  9.3946692e-001
  6.9900000e+000  8.1242791e-001
  7.0000000e+000  8.9012339e-001
  7.0100000e+000  9.1010207e-001
  7.0200000e+000  8.5260355e-001
  7.0300000e+000  7.4490878e-001
  7.0400000e+000  6.5897427e-001
  7.0500000e+000  1.1509699e+000
  7.0600000e+000  7.2266191e-001
  7.0700000e+000  9.0003582e-001
  7.0800000e+000  3.5600389e-001
  7.0900000e+000  2.5821233e-001
  7.1000000e+000  8.9142114e-001
  7.1100000e+000  5.5025022e-001
  7.1200000e+000  9.4369779e-001
  7.1300000e+000  1.0548017e+000
  7.1400000e+000  3.8034286e-001
  7.1500000e+000  1.0976027e+000
  7.1600000e+000  8.7247020e-001
  7.1700000e+000  8.6191023e-001
  7.1800000e+000  6.8629364e-001
  7.1900000e+000  7.2391403e-001
  7.2000000e+000  6.2609856e-001
  7.2100000e+000  6.7534302e-001
  7.2200000e+000  8.6101249e-001
  7.2300000e+000  7.0895504e-001
  7.2400000e+000  7.9270784e-001
  7.2500000e+000  7.5323908e-001
  7.2600000e+000  5.5444312e-001
  7.2700000e+000  7.5391720e-001
  7.2800000e+000  3.9836344e-001
  7.2900000e+000  4.5521646e-001
  7.3000000e+000  7.7265909e-001
  7.3100000e+000  5.5137643e-001
  7.3200000e+000  7.0854464e-001
  7.3300000e+000  6.5581270e-001
  7.3400000e+000  7.5864711e-001
  7.3500000e+000  3.8464186e-001
  7.3600000e+000  5.1941775e-001
  7.3700000e+000  6.3073820e-001
  7.3800000e+000  9.3560027e-001
  7.3900000e+000  9.5334631e-001
  7.4000000e+000  8.1011501e-001
  7.4100000e+000  7.6492301e-001
  7.4200000e+000  8.9547352e-001
  7.4300000e+000  6.8513606e-001
  7.4400000e+000  9.0176376e-001
  7.4500000e+000  4.7939734e-001
  7.4600000e+000  7.0233032e-001
  7.4700000e+000  9.0507934e-001
  7.4800000e+000  9.4578245e-001
  7.4900000e+000  3.8747786e-001
  7.5000000e+000  7.4262072e-001
  7.5100000e+000  4.0235309e-001
  7.5200000e+000  8.0183165e-001
  7.5300000e+000  5.0540537e-001
  7.5400000e+000  7.2328466e-001
  7.5500000e+000  8.5356472e-001
  7.5600000e+000  9.6331432e-001
  7.5700000e+000  6.2007671e-001
  7.5800000e+000  3.2176083e-001
  7.5900000e+000  7.5967797e-001
  7.6000000e+000  1.0360518e+000
  7.6100000e+000  3.8306013e-001
  7.6200000e+000  1.1036868e+000
  7.6300000e+000  5.8136892e-001
  7.6400000e+000  7.2863417e-001
  7.6500000e+000  5.8465862e-001
  7.6600000e+000  5.0231402e-001
  7.6700000e+000  7.0197515e-001
  7.6800000e+000  8.2765017e-001
  7.6900000e+000  1.0042829e+000
  7.7000000e+000  5.0998645e-001
  7.7100000e+000  6.3198443e-001
  7.7200000e+000  5.4813710e-001
  7.7300000e+000  7.3474880e-001
  7.7400000e+000  4.8257037e-001
  7.7500000e+000  6.7144389e-001
  7.7600000e+000  7.8731985e-001
  7.7700000e+000  6.7974994e-001
  7.7800000e+000  7.5224186e-001
  7.7900000e+000  6.5797788e-001
  7.8000000e+000  6.6901859e-001
  7.8100000e+000  8.4927922e-001
  7.8200000e+000  6.8258343e-001
  7.8300000e+000  5.4762286e-001
  7.8400000e+000  9.2444422e-001
  7.8500000e+000  9.5662581e-001
  7.8600000e+000  8.6763537e-001
  7.8700000e+000  1.4462391e+000
  7.8800000e+000  5.8121163e-001
  7.8900000e+000  1.0139206e+000
  7.9000000e+000  4.7923463e-001
  7.9100000e+000  5.6664209e-001
  7.9200000e+000  9.0594901e-001
  7.9300000e+000  7.5247536e-001
  7.9400000e+000  7.6979137e-001
  7.9500000e+000  9.5413555e-001
  7.9600000e+000  6.7880550e-001
  7.9700000e+000  6.9414380e-001
  7.9800000e+000  6.0647227e-001
  7.9900000e+000  9.8631544e-001
  8.0000000e+000  8.2936464e-001
  8.0100000e+000  4.3517675e-001
  8.0200000e+000  8.1663208e-001
  8.0300000e+000  7.3273401e-001
  8.0400000e+000  7.7467949e-001
  8.0500000e+000  7.8783204e-001
  8.0600000e+000  6.4653468e-001
  8.0700000e+000  1.0363977e+000
  8.0800000e+000  5.0022108e-001
  8.0900000e+000  6.4327368e-001
  8.1000000e+000  6.6475724e-001
  8.1100000e+000  1.1076168e+000
  8.1200000e+000  9.7630935e-001
  8.1300000e+000  6.6913186e-001
  8.1400000e+000  1.0079775e+000
  8.1500000e+000  1.0130525e+000
  8.1600000e+000  7.3226231e-001
  8.1700000e+000  5.5836631e-001
  8.1800000e+000  7.9827296e-001
  8.1900000e+000  4.3895292e-001
  8.2000000e+000  9.6574050e-001
  8.2100000e+000  5.8533923e-001
  8.2200000e+000  9.8842350e-001
  8.2300000e+000  9.1843773e-001
  8.2400000e+000  1.2054572e+000
  8.2500000e+000  7.4462153e-001
  8.2600000e+000  6.9175959e-001
  8.2700000e+000  6.6074838e-001
  8.2800000e+000  6.9046289e-001
  8.2900000e+000  1.0702815e+000
  8.3000000e+000  7.6827080e-001
  8.3100000e+000  6.9755573e-001
  8.3200000e+000  4.7717073e-001
  8.3300000e+000  3.7424710e-001
  8.3400000e+000  1.0437972e+000
  8.3500000e+000  7.3521564e-001
  8.3600000e+000  8.9188905e-001
  8.3700000e+000  6.5630348e-001
  8.3800000e+000  6.8663914e-001
  8.3900000e+000  8.9282988e-001
  8.4000000e+000  7.8670733e-001
  8.4100000e+000  6.9247948e-001
  8.4200000e+000  8.1992314e-001
  8.4300000e+000  5.7119040e-001
  8.4400000e+000  7.3987700e-001
  8.4500000e+000  5.9792451e-001
  8.4600000e+000  6.5485601e-001
  8.4700000e+000  9.0704835e-001
  8.4800000e+000  5.0424581e-001
  8.4900000e+000  9.0375193e-001
  8.5000000e+000  4.2993729e-001
  8.5100000e+000  4.6911736e-001
  8.5200000e+000  9.6832230e-001
  8.5300000e+000  8.8372581e-001
  8.5400000e+000  5.1959693e-001
  8.5500000e+000  5.0379721e-001
  8.5600000e+000  5.0728452e-001
  8.5700000e+000  6.5239617e-001
  8.5800000e+000  8.0579992e-001
  8.5900000e+000  1.0144585e+000
  8.6000000e+000  9.4213428e-001
  8.6100000e+000  1.1038472e+000
  8.6200000e+000  7.8065080e-001
  8.6300000e+000  4.9012937e-001
  8.6400000e+000  9.5862791e-001
  8.6500000e+000  9.6576239e-001
  8.6600000e+000  8.0258751e-001
  8.6700000e+000  7.0723614e-001
  8.6800000e+000  9.6715342e-001
  8.6900000e+000  7.1268306e-001
  8.7000000e+000  7.7948147e-001
  8.7100000e+000  3.8133912e-001
  8.7200000e+000  8.1590481e-001
  8.7300000e+000  7.5298460e-001
  8.7400000e+000  9.2936846e-001
  8.7500000e+000  6.4508658e-001
  8.7600000e+000  5.7012090e-001
  8.7700000e+000  9.2364043e-001
  8.7800000e+000  6.5622060e-001
  8.7900000e+000  5.4702981e-001
  8.8000000e+000  8.1059671e-001
  8.8100000e+000  8.9086505e-001
  8.8200000e+000  5.8231137e-001
  8.8300000e+000  8.2774963e-001
  8.8400000e+000  7.1251085e-001
  8.8500000e+000  9.9415175e-001
  8.8600000e+000  4.1056635e-001
  8.8700000e+000  2.8459856e-001
  8.8800000e+000  8.4942966e-001
  8.8900000e+000  8.2064857e-001
  8.9000000e+000  8.1305692e-001
  8.9100000e+000  1.0193981e+000
  8.9200000e+000  6.5450832e-001
  8.9300000e+000  7.0936264e-001
  8.9400000e+000  7.4382979e-001
  8.9500000e+000  4.5584799e-001
  8.9600000e+000  8.7590389e-001
  8.9700000e+000  6.1875111e-001
  8.9800000e+000  6.8807643e-001
  8.9900000e+000  6.6775818e-001
  9.0000000e+000  1.0066255e+000
  9.0100000e+000  5.0566362e-001
  9.0200000e+000  7.8826664e-001
  9.0300000e+000  5.6312422e-001
  9.0400000e+000  3.9327784e-001
  9.0500000e+000  7.4639699e-001
  9.0600000e+000  8.7558387e-001
  9.0700000e+000  6.0784684e-001
  9.0800000e+000  7.7948789e-001
  9.0900000e+000  6.1979017e-001
  9.1000000e+000  6.0606543e-001
  9.1100000e+000  7.7314192e-001
  9.1200000e+000  5.4493987e-001
  9.1300000e+000  4.6239116e-001
  9.1400000e+000  8.1141322e-001
  9.1500000e+000  6.3487363e-001
  9.1600000e+000  8.4770481e-001
  9.1700000e+000  3.0982025e-001
  9.1800000e+000  8.0063209e-001
  9.1900000e+000  4.1227647e-001
  9.2000000e+000  9.7856276e-001
  9.2100000e+000  4.9219356e-001
  9.2200000e+000  7.7489625e-001
  9.2300000e+000  8.3149942e-001
  9.2400000e+000  8.6307325e-001
  9.2500000e+000  8.8638737e-001
  9.2600000e+000  8.3554039e-001
  9.2700000e+000  7.8529002e-001
  9.2800000e+000  6.3306883e-001
  9.2900000e+000  5.5117313e-001
  9.3000000e+000  3.8190258e-001
  9.3100000e+000  8.3763166e-001
  9.3200000e+000  4.6237435e-001
  9.3300000e+000  7.8837231e-001
  9.3400000e+000  1.1554065e+000
  9.3500000e+000  8.4899426e-001
  9.3600000e+000  9.2117312e-001
  9.3700000e+000  5.3039047e-001
  9.3800000e+000  5.7452015e-001
  9.3900000e+000  4.9545579e-001
  9.4000000e+000  7.6626823e-001
  9.4100000e+000  9.1526058e-001
  9.4200000e+000  6.3519633e-001
  9.4300000e+000  7.6084528e-001
  9.4400000e+000  7.4507924e-001
  9.4500000e+000  6.7781109e-001
  9.4600000e+000  6.5687500e-001
  9.4700000e+000  5.8365150e-001
  9.4800000e+000  8.1865290e-001
  9.4900000e+000  7.1109840e-001
  9.5000000e+000  1.0746679e+000
  9.5100000e+000  8.0060213e-001
  9.5200000e+000  4.5111102e-001
  9.5300000e+000  5.0647373e-001
  9.5400000e+000  4.8972213e-001
  9.5500000e+000  8.4391010e-001
  9.5600000e+000  7.7687089e-001
  9.5700000e+000  5.7392386e-001
  9.5800000e+000  7.5858705e-001
  9.5900000e+000  1.0168562e+000
  9.6000000e+000  1.0199284e+000
  9.6100000e+000  7.9517817e-001
  9.6200000e+000  6.8513986e-001
  9.6300000e+000  6.9744133e-001
  9.6400000e+000  6.0116286e-001
  9.6500000e+000  6.3976712e-001
  9.6600000e+000  5.5149690e-001
  9.6700000e+000  8.6169543e-001
  9.6800000e+000  4.5889609e-001
  9.6900000e+000  6.4006765e-001
  9.7000000e+000  7.7583099e-001
  9.7100000e+000  7.7503342e-001
  9.7200000e+000  8.4305896e-001
  9.7300000e+000  6.5502291e-001
  9.7400000e+000  8.5319581e-001
  9.7500000e+000  7.6698619e-001
  9.7600000e+000  9.5640385e-001
  9.7700000e+000  1.1880431e+000
  9.7800000e+000  6.4517476e-001
  9.7900000e+000  5.9598514e-001
  9.8000000e+000  7.8494462e-001
  9.8100000e+000  8.9580522e-001
  9.8200000e+000  4.1541561e-001
  9.8300000e+000  1.0547855e+000
  9.8400000e+000  1.1266353e+000
  9.8500000e+000  6.9579963e-001
  9.8600000e+000  5.3898061e-001
  9.8700000e+000  6.5545681e-001
  9.8800000e+000  9.0622663e-001
  9.8900000e+000  4.5014670e-001
  9.9000000e+000  1.0712427e+000
  9.9100000e+000  3.0981443e-001
  9.9200000e+000  8.2319263e-001
  9.9300000e+000  9.4479570e-001
  9.9400000e+000  7.6284555e-001
  9.9500000e+000  5.5298938e-001
  9.9600000e+000  1.0138598e+000
  9.9700000e+000  4.2225163e-001
  9.9800000e+000  5.5633210e-001
  9.9900000e+000  7.1826718e-001
  1.0000000e+001  6.3672219e-001
  1.0010000e+001  6.9135066e-001
  1.0020000e+001  1.0144416e+000
  1.0030000e+001  6.5614512e-001
  1.0040000e+001  7.9334649e-001
  1.0050000e+001  7.4891586e-001
  1.0060000e+001  8.2835431e-001
  1.0070000e+001  9.5892146e-001
  1.0080000e+001  7.3240376e-001
  1.0090000e+001  4.7219103e-001
  1.0100000e+001  6.7018209e-001
  1.0110000e+001  9.1891279e-001
  1.0120000e+001  8.2398362e-001
  1.0130000e+001  5.1739453e-001
  1.0140000e+001  6.2698090e-001
  1.0150000e+001  6.8719547e-001
  1.0160000e+001  7.5578270e-001
  1.0170000e+001  5.5560466e-001
  1.0180000e+001  6.2719532e-001
  1.0190000e+001  9.8159835e-001
  1.0200000e+001  5.8454048e-001
  1.0210000e+001  8.7088363e-001
  1.0220000e+001  7.5307834e-001
  1.0230000e+001  7.4864956e-001
  1.0240000e+001  6.4514286e-001
  1.0250000e+001  4.7178989e-001
  1.0260000e+001  7.1890376e-001
  1.0270000e+001  8.0726408e-001
  1.0280000e+001  7.0454718e-001
  1.0290000e+001  8.1385133e-001
  1.0300000e+001  9.6510451e-001
  1.0310000e+001  7.8750473e-001
  1.0320000e+001  1.0288072e+000
  1.0330000e+001  6.2732241e-001
  1.0340000e+001  1.0305493e+000
  1.0350000e+001  1.1037195e+000
  1.0360000e+001  5.9875569e-001
  1.0370000e+001  9.4879311e-001
  1.0380000e+001  1.0251092e+000
  1.0390000e+001  8.1168382e-001
  1.0400000e+001  3.8531232e-001
  1.0410000e+001  6.7186630e-001
  1.0420000e+001  7.0491076e-001
  1.0430000e+001  8.0696676e-001
  1.0440000e+001  7.5343168e-001
  1.0450000e+001  1.0066363e+000
  1.0460000e+001  8.8291414e-001
  1.0470000e+001  6.5594423e-001
  1.0480000e+001  9.3425863e-001
  1.0490000e+001  4.3889748e-001
  1.0500000e+001  6.1990197e-001
  1.0510000e+001  1.0150081e+000
  1.0520000e+001  6.6167428e-001
  1.0530000e+001  7.7515855e-001
  1.0540000e+001  8.4313769e-001
  1.0550000e+001  8.4268029e-001
  1.0560000e+001  5.2340482e-001
  1.0570000e+001  8.4409217e-001
  1.0580000e+001  5.1241814e-001
  1.0590000e+001  1.3051600e+000
  1.0600000e+001  6.3939104e-001
  1.0610000e+001  9.1225215e-001
  1.0620000e+001  7.6322292e-001
  1.0630000e+001  8.7780132e-001
  1.0640000e+001  6.4488043e-001
  1.0650000e+001  7.3327765e-001
  1.0660000e+001  8.2941373e-001
  1.0670000e+001  7.8681998e-001
  1.0680000e+001  7.0574918e-001
  1.0690000e+001  1.2253273e+000
  1.0700000e+001  7.3692774e-001
  1.0710000e+001  9.5245613e-001
  1.0720000e+001  7.5103558e-001
  1.0730000e+001  8.2885503e-001
  1.0740000e+001  7.9584554e-001
  1.0750000e+001  8.2391860e-001
  1.0760000e+001  6.0433950e-001
  1.0770000e+001  4.5715629e-001
  1.0780000e+001  5.3005037e-001
  1.0790000e+001  8.6880218e-001
  1.0800000e+001  6.0587147e-001
  1.0810000e+001  9.1773918e-001
  1.0820000e+001  7.4665785e-001
  1.0830000e+001  5.8756764e-001
  1.0840000e+001  5.2546368e-001
  1.0850000e+001  6.0386103e-001
  1.0860000e+001  6.5744427e-001
  1.0870000e+001  3.9358500e-001
  1.0880000e+001  7.0781960e-001
  1.0890000e+001  6.6528893e-001
  1.0900000e+001  6.4478986e-001
  1.0910000e+001  7.1984709e-001
  1.0920000e+001  4.5536697e-001
  1.0930000e+001  7.4656292e-001
  1.0940000e+001  1.0723474e+000
  1.0950000e+001  8.7840868e-001
  1.0960000e+001  9.8243814e-001
  1.0970000e+001  9.5405124e-001
  1.0980000e+001  1.0736954e+000
  1.0990000e+001  6.0208655e-001
  1.1000000e+001  5.0745388e-001
  1.1010000e+001  6.9468119e-001
  1.1020000e+001  7.7289706e-001
  1.1030000e+001  8.3724396e-001
  1.1040000e+001  7.9289527e-001
  1.1050000e+001  5.2246427e-001
  1.1060000e+001  8.7884993e-001
  1.1070000e+001  7.2646817e-001
  1.1080000e+001  3.7920700e-001
  1.1090000e+001  5.6309520e-001
  1.1100000e+001  9.4686273e-001
  1.1110000e+001  6.1403825e-001
  1.1120000e+001  6.8762832e-001
  1.1130000e+001  7.8214791e-001
  1.1140000e+001  9.2631658e-001
  1.1150000e+001  9.9002635e-001
  1.1160000e+001  5.6726354e-001
  1.1170000e+001  9.0986424e-001
  1.1180000e+001  6.3672131e-001
  1.1190000e+001  4.5022878e-001
  1.1200000e+001  8.5763150e-001
  1.1210000e+001  6.2745085e-001
  1.1220000e+001  5.1703195e-001
  1.1230000e+001  5.0432238e-001
  1.1240000e+001  8.9376214e-001
  1.1250000e+001  7.9565900e-001
  1.1260000e+001  7.5285052e-001
  1.1270000e+001  8.1882945e-001
  1.1280000e+001  1.2114882e+000
  1.1290000e+001  9.3248792e-001
  1.1300000e+001  8.2528858e-001
  1.1310000e+001  8.8386685e-001
  1.1320000e+001  8.0064493e-001
  1.1330000e+001  6.5234107e-001
  1.1340000e+001  9.4298211e-001
  1.1350000e+001  7.2408388e-001
  1.1360000e+001  6.4124097e-001
  1.1370000e+001  8.1435834e-001
  1.1380000e+001  7.0747452e-001
  1.1390000e+001  7.6535267e-001
  1.1400000e+001  6.2821520e-001
  1.1410000e+001  9.1725630e-001
  1.1420000e+001  9.9503227e-001
  1.1430000e+001  6.5276888e-001
  1.1440000e+001  1.0251866e+000
  1.1450000e+001  6.1236183e-001
  1.1460000e+001  8.3472141e-001
  1.1470000e+001  6.3641265e-001
  1.1480000e+001  8.0725315e-001
  1.1490000e+001  7.8919082e-001
  1.1500000e+001  4.8438446e-001
  1.1510000e+001  1.0068280e+000
  1.1520000e+001  8.5380511e-001
  1.1530000e+001  7.4979254e-001
  1.1540000e+001  4.8766467e-001
  1.1550000e+001  7.9565841e-001
  1.1560000e+001  9.6624070e-001
  1.1570000e+001  7.1091681e-001
  1.1580000e+001  4.1649950e-001
  1.1590000e+001  5.3463297e-001
  1.1600000e+001  8.2035959e-001
  1.1610000e+001  4.8800915e-001
  1.1620000e+001  8.2270640e-001
  1.1630000e+001  7.3405882e-001
  1.1640000e+001  6.8099905e-001
  1.1650000e+001  8.7875929e-001
  1.1660000e+001  8.2437687e-001
  1.1670000e+001  5.9340832e-001
  1.1680000e+001  4.5065918e-001
  1.1690000e+001  7.8030237e-001
  1.1700000e+001  8.2519751e-001
  1.1710000e+001  8.3535743e-001
  1.1720000e+001  4.9270644e-001
  1.1730000e+001  5.8015375e-001
  1.1740000e+001  7.4593758e-001
  1.1750000e+001  7.7961595e-001
  1.1760000e+001  6.8407691e-001
  1.1770000e+001  5.5384166e-001
  1.1780000e+001  9.3806979e-001
  1.1790000e+001  6.6732274e-001
  1.1800000e+001  7.5965609e-001
  1.1810000e+001  8.6324060e-001
  1.1820000e+001  8.9875493e-001
  1.1830000e+001  1.0110443e+000
  1.1840000e+001  8.2529060e-001
  1.1850000e+001  8.4933133e-001
  1.1860000e+001  8.3834274e-001
  1.1870000e+001  6.3160053e-001
  1.1880000e+001  7.1053223e-001
  1.1890000e+001  5.0169693e-001
  1.1900000e+001  1.1399577e+000
  1.1910000e+001  8.5317500e-001
  1.1920000e+001  1.0391055e+000
  1.1930000e+001  7.3607007e-001
  1.1940000e+001  7.5094278e-001
  1.1950000e+001  7.7275257e-001
  1.1960000e+001  5.6532954e-001
  1.1970000e+001  6.2171788e-001
  1.1980000e+001  6.6628640e-001
  1.1990000e+001  7.7065591e-001
  1.2000000e+001  1.0133002e+000
  1.2010000e+001  9.7219188e-001
  1.2020000e+001  1.0731072e+000
  1.2030000e+001  9.5197855e-001
  1.2040000e+001  8.7590929e-001
  1.2050000e+001  9.7761703e-001
  1.2060000e+001  6.8116256e-001
  1.2070000e+001  1.0043816e+000
  1.2080000e+001  8.9591277e-001
  1.2090000e+001  8.6563570e-001
  1.2100000e+001  6.3417508e-001
  1.2110000e+001  5.8053609e-001
  1.2120000e+001  8.2582241e-001
  1.2130000e+001  6.5387959e-001
  1.2140000e+001  4.1531854e-001
  1.2150000e+001  8.0508031e-001
  1.2160000e+001  4.3322097e-001
  1.2170000e+001  1.0784675e+000
  1.2180000e+001  6.6151837e-001
  1.2190000e+001  7.7359379e-001
  1.2200000e+001  7.3719053e-001
  1.2210000e+001  8.7422871e-001
  1.2220000e+001  9.3219233e-001
  1.2230000e+001  1.0002882e+000
  1.2240000e+001  6.4985851e-001
  1.2250000e+001  6.2176911e-001
  1.2260000e+001  3.1188283e-001
  1.2270000e+001  1.0505596e+000
  1.2280000e+001  8.9473202e-001
  1.2290000e+001  9.6414532e-001
  1.2300000e+001  3.4261588e-001
  1.2310000e+001  9.0301720e-001
  1.2320000e+001  1.0946978e+000
  1.2330000e+001  9.2369786e-001
  1.2340000e+001  4.6115600e-001
  1.2350000e+001  8.2963251e-001
  1.2360000e+001  5.4938866e-001
  1.2370000e+001  9.9541061e-001
  1.2380000e+001  1.1929211e+000
  1.2390000e+001  8.7968585e-001
  1.2400000e+001  5.8163073e-001
  1.2410000e+001  8.3806433e-001
  1.2420000e+001  6.1032088e-001
  1.2430000e+001  9.5509980e-001
  1.2440000e+001  1.0563868e+000
  1.2450000e+001  6.8932734e-001
  1.2460000e+001  4.9724679e-001
  1.2470000e+001  6.7972446e-001
  1.2480000e+001  6.2934482e-001
  1.2490000e+001  7.7619349e-001
  1.2500000e+001  5.0660728e-001
