  0.0000000e+000  3.6269261e-001
  1.0000000e-002 -2.8901203e-002
  2.0000000e-002  3.4431781e-001
  3.0000000e-002 -2.1442018e-001
  4.0000000e-002  2.5978184e-001
  5.0000000e-002  1.9922704e-002
  6.0000000e-002 -4.1594405e-001
  7.0000000e-002 -2.9697531e-001
  8.0000000e-002 -2.6749043e-001
  9.0000000e-002  1.4999694e-001
  1.0000000e-001 -1.9867021e-002
  1.1000000e-001  1.6554228e-001
  1.2000000e-001 -3.0590909e-001
  1.3000000e-001 -2.0083967e-001
  1.4000000e-001 -1.7573720e-001
  1.5000000e-001  1.0180162e-002
  1.6000000e-001 -3.5505881e-001
  1.7000000e-001 -4.1590409e-002
  1.8000000e-001 -1.9299346e-001
  1.9000000e-001 -1.2345121e-001
  2.0000000e-001  1.2001938e-002
  2.1000000e-001 -1.3175072e-001
  2.2000000e-001  3.0664735e-002
  2.3000000e-001 -4.5829178e-001
  2.4000000e-001  1.1777899e-001
  2.5000000e-001 -3.7464366e-001
  2.6000000e-001 -2.6830410e-001
  2.7000000e-001 -1.7420838e-001
  2.8000000e-001 -4.9548341e-002
  2.9000000e-001 -3.1139711e-001
  3.0000000e-001 -3.3063349e-001
  3.1000000e-001 -9.1931915e-002
  3.2000000e-001 -2.9012511e-001
  3.3000000e-001  1.3145320e-001
  3.4000000e-001 -2.1811053e-001
  3.5000000e-001 -4.0309239e-001
  3.6000000e-001 -1.8716591e-001
  3.7000000e-001  1.9172999e-001
  3.8000000e-001 -4.2878088e-001
  3.9000000e-001 -1.4598627e-001
  4.0000000e-001 -4.3115850e-002
  4.1000000e-001  1.1186021e-001
  4.2000000e-001  1.8793605e-001
  4.3000000e-001 -1.1524531e-001
  4.4000000e-001 -1.2950882e-001
  4.5000000e-001  1.0145332e-001
  4.6000000e-001 -1.8294079e-001
  4.7000000e-001  4.8543066e-002
  4.8000000e-001  1.6056582e-002
  4.9000000e-001 -1.3358918e-001
  5.0000000e-001  9.1864547e-003
  5.1000000e-001 -2.6051622e-003
  5.2000000e-001 -4.1285016e-002
  5.3000000e-001 -1.7402655e-001
  5.4000000e-001 -1.9429357e-001
  5.5000000e-001 -1.1764796e-001
  5.6000000e-001 -1.2025890e-001
  5.7000000e-001 -2.4837011e-001
  5.8000000e-001 -6.4669465e-002
  5.9000000e-001 -7.3827916e-002
  6.0000000e-001 -7.4928446e-002
  6.1000000e-001 -5.4394007e-002
  6.2000000e-001 -4.1255237e-001
  6.3000000e-001 -2.8342809e-001
  6.4000000e-001  2.5606318e-002
  6.5000000e-001 -9.2679453e-002
  6.6000000e-001 -3.7803537e-001
  6.7000000e-001 -1.8132129e-001
  6.8000000e-001 -2.3205853e-001
  6.9000000e-001 -1.4578711e-001
  7.0000000e-001 -4.7425260e-001
  7.1000000e-001 -3.9651880e-002
  7.2000000e-001 -5.0963841e-001
  7.3000000e-001 -1.8098051e-001
  7.4000000e-001 -2.1742082e-001
  7.5000000e-001 -4.4838491e-001
  7.6000000e-001  1.0901012e-001
  7.7000000e-001 -1.8382027e-001
  7.8000000e-001 -4.9812266e-001
  7.9000000e-001 -1.3925922e-001
  8.0000000e-001 -7.5745020e-002
  8.1000000e-001 -1.2895099e-001
  8.2000000e-001 -1.1729306e-001
  8.3000000e-001 -1.5851233e-001
  8.4000000e-001 -3.3208754e-001
  8.5000000e-001 -1.4157675e-001
  8.6000000e-001  1.9507194e-001
  8.7000000e-001 -1.0073891e-001
  8.8000000e-001 -1.7847619e-001
  8.9000000e-001 -2.0858794e-001
  9.0000000e-001  6.7603294e-002
  9.1000000e-001 -1.3555493e-001
  9.2000000e-001 -2.9415494e-001
  9.3000000e-001 -1.0770703e-001
  9.4000000e-001  3.6966041e-002
  9.5000000e-001  3.4706680e-002
  9.6000000e-001 -3.3072552e-002
  9.7000000e-001  1.8728658e-001
  9.8000000e-001  9.4432821e-002
  9.9000000e-001 -2.9669796e-001
  1.0000000e+000 -8.1651047e-002
  1.0100000e+000 -2.8366730e-001
  1.0200000e+000 -2.5059102e-001
  1.0300000e+000 -1.6964121e-001
  1.0400000e+000 -1.7970571e-001
  1.0500000e+000 -4.9094615e-002
  1.0600000e+000 -3.3422534e-001
  1.0700000e+000 -1.6083047e-001
  1.0800000e+000 -4.6042493e-001
  1.0900000e+000 -7.6858441e-003
  1.1000000e+000 -1.5658858e-001
  1.1100000e+000  8.0695755e-002
  1.1200000e+000  3.3116613e-003
  1.1300000e+000 -4.4418707e-001
  1.1400000e+000 -4.8072749e-002
  1.1500000e+000 -1.6034338e-001
  1.1600000e+000 -3.0000204e-001
  1.1700000e+000 -2.2274178e-001
  1.1800000e+000  6.9070534e-002
  1.1900000e+000 -1.1944194e-001
  1.2000000e+000 -1.9355801e-001
  1.2100000e+000  1.5074527e-001
  1.2200000e+000 -1.1058540e-001
  1.2300000e+000 -1.9227248e-001
  1.2400000e+000  4.6007474e-001
  1.2500000e+000 -4.6131506e-002
  1.2600000e+000 -3.8712348e-001
  1.2700000e+000  8.3060352e-002
  1.2800000e+000  3.6201191e-001
  1.2900000e+000 -1.2041227e-001
  1.3000000e+000  8.1869082e-002
  1.3100000e+000 -1.7363271e-001
  1.3200000e+000  3.3012452e-003
  1.3300000e+000  2.9530686e-001
  1.3400000e+000 -2.2551809e-001
  1.3500000e+000 -3.6855060e-002
  1.3600000e+000 -3.8375206e-001
  1.3700000e+000 -3.8098108e-001
  1.3800000e+000 -1.0640881e-001
  1.3900000e+000  3.6119531e-001
  1.4000000e+000  9.4818707e-002
  1.4100000e+000 -3.7379232e-002
  1.4200000e+000  2.8321577e-001
  1.4300000e+000  1.5204971e-001
  1.4400000e+000 -4.8078300e-002
  1.4500000e+000 -4.8810645e-002
  1.4600000e+000  3.1027378e-001
  1.4700000e+000 -4.5331592e-002
  1.4800000e+000  3.2127388e-001
  1.4900000e+000 -8.6271398e-002
  1.5000000e+000  4.2591447e-001
  1.5100000e+000  1.3367919e-001
  1.5200000e+000 -4.0117330e-002
  1.5300000e+000  1.7007118e-002
  1.5400000e+000  1.2896762e-001
  1.5500000e+000 -5.0113885e-002
  1.5600000e+000 -1.4774890e-001
  1.5700000e+000  1.4323959e-001
  1.5800000e+000  1.5734195e-001
  1.5900000e+000  5.7259445e-001
  1.6000000e+000  3.9381111e-001
  1.6100000e+000 -2.1439221e-002
  1.6200000e+000 -1.6446509e-001
  1.6300000e+000  2.0199723e-001
  1.6400000e+000  8.9270706e-002
  1.6500000e+000  1.1744803e-001
  1.6600000e+000 -4.1819252e-003
  1.6700000e+000  3.0320785e-001
  1.6800000e+000  6.9226801e-002
  1.6900000e+000  4.0684593e-001
  1.7000000e+000  2.2813944e-001
  1.7100000e+000  4.4164856e-001
  1.7200000e+000  2.8799504e-001
  1.7300000e+000  1.3564964e-001
  1.7400000e+000 -1.0011464e-001
  1.7500000e+000  2.8608095e-002
  1.7600000e+000  3.4885751e-001
  1.7700000e+000  4.2464004e-001
  1.7800000e+000 -7.4367214e-002
  1.7900000e+000  3.8395103e-001
  1.8000000e+000  1.2391235e-001
  1.8100000e+000  2.4673307e-001
  1.8200000e+000  2.5188343e-001
  1.8300000e+000  8.1210099e-001
  1.8400000e+000  3.1625514e-001
  1.8500000e+000  5.4843719e-002
  1.8600000e+000 -9.9798797e-002
  1.8700000e+000  3.6426350e-001
  1.8800000e+000  4.3472873e-001
  1.8900000e+000  3.8363115e-002
  1.9000000e+000  5.4701594e-001
  1.9100000e+000  6.4325610e-001
  1.9200000e+000  3.3839914e-001
  1.9300000e+000 -1.5758663e-002
  1.9400000e+000  5.4582658e-001
  1.9500000e+000  3.8928682e-001
  1.9600000e+000  4.7009527e-001
  1.9700000e+000  1.1088132e-001
  1.9800000e+000  3.9976462e-001
  1.9900000e+000  2.6324232e-001
  2.0000000e+000  5.2169113e-001
  2.0100000e+000  6.2660651e-001
  2.0200000e+000  5.5397484e-001
  2.0300000e+000  8.5406766e-002
  2.0400000e+000  5.3749099e-001
  2.0500000e+000  2.4431175e-001
  2.0600000e+000  2.3808891e-001
  2.0700000e+000  4.3571538e-001
  2.0800000e+000  9.3169287e-002
  2.0900000e+000  7.9046011e-001
  2.1000000e+000  2.5483303e-001
  2.1100000e+000  3.1514782e-001
  2.1200000e+000  3.1782548e-001
  2.1300000e+000  6.3051599e-001
  2.1400000e+000  3.6570663e-001
  2.1500000e+000  3.2603062e-001
  2.1600000e+000  4.9608798e-001
  2.1700000e+000  2.8918488e-001
  2.1800000e+000  4.2752429e-001
  2.1900000e+000  3.9303611e-001
  2.2000000e+000  1.1362272e+000
  2.2100000e+000  3.3926636e-001
  2.2200000e+000  2.9100698e-001
  2.2300000e+000  4.2359847e-001
  2.2400000e+000  2.5265780e-001
  2.2500000e+000  6.4515065e-001
  2.2600000e+000  1.0429629e+000
  2.2700000e+000  7.4111497e-001
  2.2800000e+000  6.3399973e-001
  2.2900000e+000  8.3707037e-001
  2.3000000e+000  5.4415173e-001
  2.3100000e+000  5.7702664e-001
  2.3200000e+000  2.0632477e-001
  2.3300000e+000  6.9252179e-001
  2.3400000e+000  7.2764877e-001
  2.3500000e+000  4.5821942e-001
  2.3600000e+000  4.8916858e-001
  2.3700000e+000  6.6928743e-001
  2.3800000e+000  1.4604580e-001
  2.3900000e+000  5.6727004e-001
  2.4000000e+000  5.1300048e-001
  2.4100000e+000  7.8732532e-001
  2.4200000e+000  4.5375826e-001
  2.4300000e+000  5.9932374e-001
  2.4400000e+000  1.4821316e-001
  2.4500000e+000  8.3016782e-001
  2.4600000e+000  7.0115353e-001
  2.4700000e+000  5.5455863e-001
  2.4800000e+000  1.7191236e-001
  2.4900000e+000  6.8244056e-001
  2.5000000e+000  7.2172350e-001
  2.5100000e+000  4.3449805e-001
  2.5200000e+000  8.4368178e-001
  2.5300000e+000  8.6119015e-001
  2.5400000e+000  3.3476036e-001
  2.5500000e+000  7.3917120e-001
  2.5600000e+000  7.1679795e-001
  2.5700000e+000  4.7214661e-001
  2.5800000e+000  4.4830311e-001
  2.5900000e+000  3.8171052e-001
  2.6000000e+000  7.4429412e-001
  2.6100000e+000  4.6992516e-001
  2.6200000e+000  8.6322580e-001
  2.6300000e+000  2.2674342e-001
  2.6400000e+000  4.7749734e-001
  2.6500000e+000  5.0212934e-001
  2.6600000e+000  7.3984119e-001
  2.6700000e+000  7.6082889e-001
  2.6800000e+000  8.3496539e-001
  2.6900000e+000  4.1728520e-001
  2.7000000e+000  7.4836350e-001
  2.7100000e+000  8.7357561e-001
  2.7200000e+000  1.0113355e+000
  2.7300000e+000  8.8926980e-001
  2.7400000e+000  4.8624604e-001
  2.7500000e+000  6.0143032e-001
  2.7600000e+000  3.3111981e-001
  2.7700000e+000  5.8855486e-001
  2.7800000e+000  8.2308548e-001
  2.7900000e+000  8.4745869e-001
  2.8000000e+000  6.8176627e-001
  2.8100000e+000  4.7493904e-001
  2.8200000e+000  7.4860010e-001
  2.8300000e+000  6.9986158e-001
  2.8400000e+000  5.5389287e-001
  2.8500000e+000  6.9335644e-001
  2.8600000e+000  9.7790380e-001
  2.8700000e+000  7.4423183e-001
  2.8800000e+000  6.5679354e-001
  2.8900000e+000  4.4270847e-001
  2.9000000e+000  7.0946317e-001
  2.9100000e+000  5.8348888e-001
  2.9200000e+000  6.3674962e-001
  2.9300000e+000  7.4483445e-001
  2.9400000e+000  8.1005711e-001
  2.9500000e+000  9.0154094e-001
  2.9600000e+000  9.5021498e-001
  2.9700000e+000  7.3236489e-001
  2.9800000e+000  9.3148948e-001
  2.9900000e+000  8.3290268e-001
  3.0000000e+000  6.0080585e-001
  3.0100000e+000  9.5630381e-001
  3.0200000e+000  7.6722312e-001
  3.0300000e+000  6.9987649e-001
  3.0400000e+000  8.8088956e-001
  3.0500000e+000  6.3882261e-001
  3.0600000e+000  5.3820521e-001
  3.0700000e+000  1.0017053e+000
  3.0800000e+000  8.9947969e-001
  3.0900000e+000  3.8477275e-001
  3.1000000e+000  8.1619406e-001
  3.1100000e+000  7.7899559e-001
  3.1200000e+000  8.9379817e-001
  3.1300000e+000  7.2943678e-001
  3.1400000e+000  5.0149746e-001
  3.1500000e+000  7.4643342e-001
  3.1600000e+000  7.5864291e-001
  3.1700000e+000  1.2277965e+000
  3.1800000e+000  6.4921601e-001
  3.1900000e+000  7.9789219e-001
  3.2000000e+000  8.6697656e-001
  3.2100000e+000  7.7794333e-001
  3.2200000e+000  6.5533107e-001
  3.2300000e+000  7.5477777e-001
  3.2400000e+000  1.0854226e+000
  3.2500000e+000  3.7113239e-001
  3.2600000e+000  6.4424110e-001
  3.2700000e+000  7.7514343e-001
  3.2800000e+000  7.3509231e-001
  3.2900000e+000  5.7465814e-001
  3.3000000e+000  5.1798160e-001
  3.3100000e+000  9.1211121e-001
  3.3200000e+000  9.3754926e-001
  3.3300000e+000  1.0038034e+000
  3.3400000e+000  7.9415336e-001
  3.3500000e+000  1.2976740e+000
  3.3600000e+000  7.3246984e-001
  3.3700000e+000  9.2300358e-001
  3.3800000e+000  9.8869125e-001
  3.3900000e+000  6.4095790e-001
  3.4000000e+000  7.6896146e-001
  3.4100000e+000  8.5733316e-001
  3.4200000e+000  8.2080651e-001
  3.4300000e+000  8.4491005e-001
  3.4400000e+000  5.9302444e-001
  3.4500000e+000  9.0600952e-001
  3.4600000e+000  7.3033713e-001
  3.4700000e+000  6.6169389e-001
  3.4800000e+000  1.1412660e+000
  3.4900000e+000  5.1759401e-001
  3.5000000e+000  7.6488108e-001
  3.5100000e+000  8.3296996e-001
  3.5200000e+000  1.2800657e+000
  3.5300000e+000  1.0516689e+000
  3.5400000e+000  8.3682955e-001
  3.5500000e+000  8.5018385e-001
  3.5600000e+000  9.5060012e-001
  3.5700000e+000  8.1706707e-001
  3.5800000e+000  1.0632525e+000
  3.5900000e+000  1.2443792e+000
  3.6000000e+000  8.1097976e-001
  3.6100000e+000  7.0771852e-001
  3.6200000e+000  8.9564673e-001
  3.6300000e+000  5.6685863e-001
  3.6400000e+000  1.0055509e+000
  3.6500000e+000  8.8101928e-001
  3.6600000e+000  9.1514998e-001
  3.6700000e+000  6.8574768e-001
  3.6800000e+000  5.4755131e-001
  3.6900000e+000  6.2762056e-001
  3.7000000e+000  7.6427815e-001
  3.7100000e+000  8.0131496e-001
  3.7200000e+000  6.4192999e-001
  3.7300000e+000  8.3458511e-001
  3.7400000e+000  9.8070972e-001
  3.7500000e+000  1.0534814e+000
  3.7600000e+000  1.1563262e+000
  3.7700000e+000  9.7784971e-001
  3.7800000e+000  1.2417115e+000
  3.7900000e+000  1.0245372e+000
  3.8000000e+000  9.7459580e-001
  3.8100000e+000  6.6794005e-001
  3.8200000e+000  8.1946994e-001
  3.8300000e+000  9.2374950e-001
  3.8400000e+000  1.1854259e+000
  3.8500000e+000  9.1779051e-001
  3.8600000e+000  1.1664839e+000
  3.8700000e+000  5.9622924e-001
  3.8800000e+000  6.3656446e-001
  3.8900000e+000  7.0607326e-001
  3.9000000e+000  1.0187528e+000
  3.9100000e+000  5.3679193e-001
  3.9200000e+000  1.1515272e+000
  3.9300000e+000  9.7606763e-001
  3.9400000e+000  9.5216860e-001
  3.9500000e+000  9.7843972e-001
  3.9600000e+000  9.9820237e-001
  3.9700000e+000  1.0577469e+000
  3.9800000e+000  1.3116468e+000
  3.9900000e+000  6.7595140e-001
  4.0000000e+000  7.7201816e-001
  4.0100000e+000  5.8068733e-001
  4.0200000e+000  1.0662463e+000
  4.0300000e+000  8.7208336e-001
  4.0400000e+000  6.5085606e-001
  4.0500000e+000  1.1512203e+000
  4.0600000e+000  1.0257880e+000
  4.0700000e+000  6.6901925e-001
  4.0800000e+000  5.1084028e-001
  4.0900000e+000  1.0180901e+000
  4.1000000e+000  7.7364754e-001
  4.1100000e+000  1.0406614e+000
  4.1200000e+000  1.0201038e+000
  4.1300000e+000  8.6681522e-001
  4.1400000e+000  5.6032990e-001
  4.1500000e+000  1.1377095e+000
  4.1600000e+000  7.8556228e-001
  4.1700000e+000  6.6551877e-001
  4.1800000e+000  1.3204120e+000
  4.1900000e+000  1.1604176e+000
  4.2000000e+000  1.1175179e+000
  4.2100000e+000  1.1796478e+000
  4.2200000e+000  6.6831484e-001
  4.2300000e+000  1.2095049e+000
  4.2400000e+000  9.5955827e-001
  4.2500000e+000  9.9209507e-001
  4.2600000e+000  8.8014004e-001
  4.2700000e+000  8.8942869e-001
  4.2800000e+000  7.9194132e-001
  4.2900000e+000  6.2449687e-001
  4.3000000e+000  7.8221652e-001
  4.3100000e+000  8.9350386e-001
  4.3200000e+000  7.7866719e-001
  4.3300000e+000  7.2157424e-001
  4.3400000e+000  8.3241738e-001
  4.3500000e+000  8.3542211e-001
  4.3600000e+000  8.1802393e-001
  4.3700000e+000  7.8190820e-001
  4.3800000e+000  8.0395250e-001
  4.3900000e+000  9.3737157e-001
  4.4000000e+000  8.3490433e-001
  4.4100000e+000  6.2599515e-001
  4.4200000e+000  6.7597231e-001
  4.4300000e+000  9.4107603e-001
  4.4400000e+000  9.2541310e-001
  4.4500000e+000  9.5919732e-001
  4.4600000e+000  8.9106638e-001
  4.4700000e+000  8.2696442e-001
  4.4800000e+000  1.1465408e+000
  4.4900000e+000  8.0757501e-001
  4.5000000e+000  8.9208825e-001
  4.5100000e+000  1.0492883e+000
  4.5200000e+000  1.0371852e+000
  4.5300000e+000  9.9537075e-001
  4.5400000e+000  8.3449731e-001
  4.5500000e+000  9.8168294e-001
  4.5600000e+000  1.0835889e+000
  4.5700000e+000  1.2973936e+000
  4.5800000e+000  1.0249052e+000
  4.5900000e+000  9.2967953e-001
  4.6000000e+000  1.2905213e+000
  4.6100000e+000  1.3089798e+000
  4.6200000e+000  9.4160076e-001
  4.6300000e+000  9.9677536e-001
  4.6400000e+000  6.4500972e-001
  4.6500000e+000  1.0930919e+000
  4.6600000e+000  9.7129597e-001
  4.6700000e+000  7.8677172e-001
  4.6800000e+000  8.7273161e-001
  4.6900000e+000  6.9063533e-001
  4.7000000e+000  1.1397956e+000
  4.7100000e+000  9.8532475e-001
  4.7200000e+000  5.4290242e-001
  4.7300000e+000  8.0797454e-001
  4.7400000e+000  1.0734144e+000
  4.7500000e+000  9.3642320e-001
  4.7600000e+000  8.0854974e-001
  4.7700000e+000  1.1061206e+000
  4.7800000e+000  8.5353108e-001
  4.7900000e+000  1.4546865e+000
  4.8000000e+000  9.4914161e-001
  4.8100000e+000  8.8000060e-001
  4.8200000e+000  7.6067540e-001
  4.8300000e+000  7.0194804e-001
  4.8400000e+000  8.6495052e-001
  4.8500000e+000  1.0848894e+000
  4.8600000e+000  8.3872661e-001
  4.8700000e+000  1.3606322e+000
  4.8800000e+000  1.2324732e+000
  4.8900000e+000  8.3263047e-001
  4.9000000e+000  8.3666302e-001
  4.9100000e+000  8.1536140e-001
  4.9200000e+000  6.4727901e-001
  4.9300000e+000  8.2603171e-001
  4.9400000e+000  6.7462868e-001
  4.9500000e+000  7.0261955e-001
  4.9600000e+000  9.9609786e-001
  4.9700000e+000  7.4815182e-001
  4.9800000e+000  7.5959293e-001
  4.9900000e+000  1.0109472e+000
  5.0000000e+000  9.3416124e-001
  5.0100000e+000  1.1490464e+000
  5.0200000e+000  6.6841973e-001
  5.0300000e+000  1.0538143e+000
  5.0400000e+000  8.1129343e-001
  5.0500000e+000  7.7881914e-001
  5.0600000e+000  1.0240212e+000
  5.0700000e+000  8.6035038e-001
  5.0800000e+000  7.9082691e-001
  5.0900000e+000  9.0688945e-001
  5.1000000e+000  8.4415179e-001
  5.1100000e+000  9.4558530e-001
  5.1200000e+000  6.9614445e-001
  5.1300000e+000  4.2386836e-001
  5.1400000e+000  1.1432400e+000
  5.1500000e+000  8.8254914e-001
  5.1600000e+000  8.8559049e-001
  5.1700000e+000  1.0063798e+000
  5.1800000e+000  7.3389119e-001
  5.1900000e+000  8.5507292e-001
  5.2000000e+000  8.6717325e-001
  5.2100000e+000  7.9255557e-001
  5.2200000e+000  7.9632372e-001
  5.2300000e+000  8.2171977e-001
  5.2400000e+000  5.2811283e-001
  5.2500000e+000  7.9160224e-001
  5.2600000e+000  5.0517425e-001
  5.2700000e+000  9.0262866e-001
  5.2800000e+000  8.8888253e-001
  5.2900000e+000  1.0468066e+000
  5.3000000e+000  8.1078282e-001
  5.3100000e+000  8.2082987e-001
  5.3200000e+000  8.4977507e-001
  5.3300000e+000  1.0294638e+000
  5.3400000e+000  8.7936078e-001
  5.3500000e+000  1.0636396e+000
  5.3600000e+000  6.8037979e-001
  5.3700000e+000  6.3287718e-001
  5.3800000e+000  8.5452879e-001
  5.3900000e+000  7.8451099e-001
  5.4000000e+000  7.9109166e-001
  5.4100000e+000  1.0990831e+000
  5.4200000e+000  7.9068386e-001
  5.4300000e+000  9.4375094e-001
  5.4400000e+000  1.0932395e+000
  5.4500000e+000  1.1000715e+000
  5.4600000e+000  8.4814229e-001
  5.4700000e+000  8.4215326e-001
  5.4800000e+000  8.3760099e-001
  5.4900000e+000  1.0480276e+000
  5.5000000e+000  9.0937427e-001
  5.5100000e+000  6.2716066e-001
  5.5200000e+000  7.2627328e-001
  5.5300000e+000  6.5680553e-001
  5.5400000e+000  1.0377419e+000
  5.5500000e+000  7.1049175e-001
  5.5600000e+000  7.2882443e-001
  5.5700000e+000  9.1908767e-001
  5.5800000e+000  9.6699183e-001
  5.5900000e+000  7.2949129e-001
  5.6000000e+000  8.5962565e-001
  5.6100000e+000  7.1053594e-001
  5.6200000e+000  7.3073536e-001
  5.6300000e+000  8.7128048e-001
  5.6400000e+000  6.0489864e-001
  5.6500000e+000  8.8402991e-001
  5.6600000e+000  7.1732044e-001
  5.6700000e+000  6.5789870e-001
  5.6800000e+000  8.0832900e-001
  5.6900000e+000  9.2352074e-001
  5.7000000e+000  5.4949147e-001
  5.7100000e+000  8.3599459e-001
  5.7200000e+000  4.1876737e-001
  5.7300000e+000  1.0986711e+000
  5.7400000e+000  8.0941878e-001
  5.7500000e+000  8.7081444e-001
  5.7600000e+000  6.9569549e-001
  5.7700000e+000  1.2705041e+000
  5.7800000e+000  8.4898013e-001
  5.7900000e+000  8.7748126e-001
  5.8000000e+000  9.4331931e-001
  5.8100000e+000  7.0927153e-001
  5.8200000e+000  1.1355287e+000
  5.8300000e+000  4.2293052e-001
  5.8400000e+000  7.3106383e-001
  5.8500000e+000  1.1127500e+000
  5.8600000e+000  1.0827460e+000
  5.8700000e+000  7.6400022e-001
  5.8800000e+000  1.0616554e+000
  5.8900000e+000  9.3487942e-001
  5.9000000e+000  2.7951838e-001
  5.9100000e+000  9.8884277e-001
  5.9200000e+000  8.4300990e-001
  5.9300000e+000  7.5197364e-001
  5.9400000e+000  5.0746234e-001
  5.9500000e+000  7.0075093e-001
  5.9600000e+000  7.1582486e-001
  5.9700000e+000  8.0177307e-001
  5.9800000e+000  7.2614749e-001
  5.9900000e+000  6.6613579e-001
  6.0000000e+000  1.0170709e+000
  6.0100000e+000  8.3635562e-001
  6.0200000e+000  2.4825071e-001
  6.0300000e+000  1.0587470e+000
  6.0400000e+000  1.1234056e+000
  6.0500000e+000  8.9997713e-001
  6.0600000e+000  6.5699125e-001
  6.0700000e+000  8.1941273e-001
  6.0800000e+000  7.4726150e-001
  6.0900000e+000  5.8989413e-001
  6.1000000e+000  1.0795424e+000
  6.1100000e+000  8.6964729e-001
  6.1200000e+000  8.2766755e-001
  6.1300000e+000  8.1733934e-001
  6.1400000e+000  8.2995336e-001
  6.1500000e+000  9.0453155e-001
  6.1600000e+000  6.2355528e-001
  6.1700000e+000  8.8680901e-001
  6.1800000e+000  8.4874363e-001
  6.1900000e+000  5.2316950e-001
  6.2000000e+000  7.3149581e-001
  6.2100000e+000  8.2653577e-001
  6.2200000e+000  6.0151862e-001
  6.2300000e+000  6.6290182e-001
  6.2400000e+000  5.1174435e-001
  6.2500000e+000  4.4542248e-001
  6.2600000e+000  6.2136947e-001
  6.2700000e+000  8.8192757e-001
  6.2800000e+000  9.0383463e-001
  6.2900000e+000  7.1586939e-001
  6.3000000e+000  9.4925659e-001
  6.3100000e+000  4.9332347e-001
  6.3200000e+000  8.3496481e-001
  6.3300000e+000  6.8079026e-001
  6.3400000e+000  9.3976363e-001
  6.3500000e+000  8.2894038e-001
  6.3600000e+000  6.0851931e-001
  6.3700000e+000  5.8747027e-001
  6.3800000e+000  5.3414085e-001
  6.3900000e+000  6.4470503e-001
  6.4000000e+000  9.0551627e-001
  6.4100000e+000  8.7777067e-001
  6.4200000e+000  7.7542227e-001
  6.4300000e+000  9.4023939e-001
  6.4400000e+000  7.4362537e-001
  6.4500000e+000  1.0221940e+000
  6.4600000e+000  7.2079521e-001
  6.4700000e+000  9.1365985e-001
  6.4800000e+000  7.6236571e-001
  6.4900000e+000  6.6463488e-001
  6.5000000e+000  1.0783492e+000
  6.5100000e+000  7.5370796e-001
  6.5200000e+000  5.3334091e-001
  6.5300000e+000  5.1726344e-001
  6.5400000e+000  8.0131470e-001
  6.5500000e+000  1.1493720e+000
  6.5600000e+000  8.0285507e-001
  6.5700000e+000  5.9925982e-001
  6.5800000e+000  4.3993678e-001
  6.5900000e+000  9.5264932e-001
  6.6000000e+000  7.3717193e-001
  6.6100000e+000  8.1291601e-001
  6.6200000e+000  7.7487272e-001
  6.6300000e+000  4.9320535e-001
  6.6400000e+000  5.7461610e-001
  6.6500000e+000  7.6669687e-001
  6.6600000e+000  5.8006616e-001
  6.6700000e+000  4.1588292e-001
  6.6800000e+000  7.0295384e-001
  6.6900000e+000  7.0130162e-001
  6.7000000e+000  7.1744633e-001
  6.7100000e+000  7.7899424e-001
  6.7200000e+000  8.6514077e-001
  6.7300000e+000  8.3904565e-001
  6.7400000e+000  1.0255800e+000
  6.7500000e+000  5.6878471e-001
  6.7600000e+000  6.0024412e-001
  6.7700000e+000  8.4749730e-001
  6.7800000e+000  9.2754974e-001
  6.7900000e+000  8.3944800e-001
  6.8000000e+000  8.9702098e-001
  6.8100000e+000  1.0092131e+000
  6.8200000e+000  9.7074307e-001
  6.8300000e+000  4.8184271e-001
  6.8400000e+000  3.6016177e-001
  6.8500000e+000  5.6375536e-001
  6.8600000e+000  6.2543759e-001
  6.8700000e+000  6.7880871e-001
  6.8800000e+000  6.0859537e-001
  6.8900000e+000  7.6930337e-001
  6.9000000e+000  6.4395717e-001
  6.9100000e+000  6.7306613e-001
  6.9200000e+000  6.8188470e-001
  6.9300000e+000  6.3988117e-001
  6.9400000e+000  9.9859556e-001
  6.9500000e+000  9.6670311e-001
  6.9600000e+000  6.5047831e-001
  6.9700000e+000  4.7519265e-001
  6.9800000e+000  3.5752720e-001
  6.9900000e+000  8.1486450e-001
  7.0000000e+000  5.0676976e-001
  7.0100000e+000  6.5683273e-001
  7.0200000e+000  4.2494514e-001
  7.0300000e+000  6.9423602e-001
  7.0400000e+000  7.9848420e-001
  7.0500000e+000  1.0146593e+000
  7.0600000e+000  1.0308160e+000
  7.0700000e+000  5.7365556e-001
  7.0800000e+000  6.0979173e-001
  7.0900000e+000  1.2931342e+000
  7.1000000e+000  9.9232818e-001
  7.1100000e+000  6.4760838e-001
  7.1200000e+000  5.3161904e-001
  7.1300000e+000  9.9466681e-001
  7.1400000e+000  6.7548097e-001
  7.1500000e+000  8.3394136e-001
  7.1600000e+000  8.4726439e-001
  7.1700000e+000  3.2773698e-001
  7.1800000e+000  8.7807543e-001
  7.1900000e+000  1.1230750e+000
  7.2000000e+000  8.4723575e-001
  7.2100000e+000  8.7934200e-001
  7.2200000e+000  8.4566577e-001
  7.2300000e+000  7.8321895e-001
  7.2400000e+000  8.7656994e-001
  7.2500000e+000  7.4260239e-001
  7.2600000e+000  6.7879008e-001
  7.2700000e+000  5.6884308e-001
  7.2800000e+000  6.8104607e-001
  7.2900000e+000  4.1746768e-001
  7.3000000e+000  8.3702702e-001
  7.3100000e+000  1.2440987e+000
  7.3200000e+000  7.7320142e-001
  7.3300000e+000  5.4731963e-001
  7.3400000e+000  7.3216369e-001
  7.3500000e+000  9.1045014e-001
  7.3600000e+000  8.7839857e-001
  7.3700000e+000  7.9087857e-001
  7.3800000e+000  7.6028520e-001
  7.3900000e+000  9.5986894e-001
  7.4000000e+000  4.3985392e-001
  7.4100000e+000  9.7582386e-001
  7.4200000e+000  9.5666803e-001
  7.4300000e+000  5.1963538e-001
  7.4400000e+000  6.0771273e-001
  7.4500000e+000  5.3050884e-001
  7.4600000e+000  6.9079965e-001
  7.4700000e+000  5.2216019e-001
  7.4800000e+000  7.1530767e-001
  7.4900000e+000  1.0588856e+000
  7.5000000e+000  6.5135139e-001
  7.5100000e+000  6.6161202e-001
  7.5200000e+000  8.5882230e-001
  7.5300000e+000  4.3590985e-001
  7.5400000e+000  6.7538551e-001
  7.5500000e+000  7.3590995e-001
  7.5600000e+000  5.8538814e-001
  7.5700000e+000  8.6342786e-001
  7.5800000e+000  5.6504865e-001
  7.5900000e+000  7.3604982e-001
  7.6000000e+000  5.2866428e-001
  7.6100000e+000  7.8051797e-001
  7.6200000e+000  7.3000814e-001
  7.6300000e+000  7.5729695e-001
  7.6400000e+000  7.1388394e-001
  7.6500000e+000  1.0395622e+000
  7.6600000e+000  8.9827021e-001
  7.6700000e+000  5.0462570e-001
  7.6800000e+000  5.9746578e-001
  7.6900000e+000  4.2336031e-001
  7.7000000e+000  8.8017038e-001
  7.7100000e+000  9.9258988e-001
  7.7200000e+000  1.0060450e+000
  7.7300000e+000  6.9239254e-001
  7.7400000e+000  3.9327139e-001
  7.7500000e+000  1.1135055e+000
  7.7600000e+000  4.1068199e-001
  7.7700000e+000  7.4499693e-001
  7.7800000e+000  6.6039352e-001
  7.7900000e+000  6.2996378e-001
  7.8000000e+000  8.4805260e-001
  7.8100000e+000  5.6087270e-001
  7.8200000e+000  8.3136712e-001
  7.8300000e+000  9.4622671e-001
  7.8400000e+000  8.7838764e-001
  7.8500000e+000  8.3106276e-001
  7.8600000e+000  6.3423841e-001
  7.8700000e+000  6.8944012e-001
  7.8800000e+000  4.7536075e-001
  7.8900000e+000  9.6329562e-001
  7.9000000e+000  6.7948202e-001
  7.9100000e+000  3.9347202e-001
  7.9200000e+000  8.5174955e-001
  7.9300000e+000  4.9995611e-001
  7.9400000e+000  7.5682004e-001
  7.9500000e+000  9.7853433e-001
  7.9600000e+000  5.1083644e-001
  7.9700000e+000  2.5196051e-001
  7.9800000e+000  8.1640005e-001
  7.9900000e+000  5.6162797e-001
  8.0000000e+000  3.1076712e-001
  8.0100000e+000  4.9845056e-001
  8.0200000e+000  7.4867722e-001
  8.0300000e+000  5.6108571e-001
  8.0400000e+000  6.5965320e-001
  8.0500000e+000  5.1516870e-001
  8.0600000e+000  8.6884299e-001
  8.0700000e+000  5.3734320e-001
  8.0800000e+000  1.1989675e+000
  8.0900000e+000  7.8415451e-001
  8.1000000e+000  8.4321967e-001
  8.1100000e+000  5.4502662e-001
  8.1200000e+000  6.5195000e-001
  8.1300000e+000  3.5365945e-001
  8.1400000e+000  8.1351677e-001
  8.1500000e+000  6.7630973e-001
  8.1600000e+000  7.4415729e-001
  8.1700000e+000  6.7419254e-001
  8.1800000e+000  5.8502655e-001
  8.1900000e+000  7.9479377e-001
  8.2000000e+000  5.5979959e-001
  8.2100000e+000  9.2063095e-001
  8.2200000e+000  4.3708545e-001
  8.2300000e+000  6.4047842e-001
  8.2400000e+000  8.4107279e-001
  8.2500000e+000  7.2523606e-001
  8.2600000e+000  6.0793594e-001
  8.2700000e+000  8.7405756e-001
  8.2800000e+000  8.0243134e-001
  8.2900000e+000  6.5214232e-001
  8.3000000e+000  1.0018715e+000
  8.3100000e+000  5.4515000e-001
  8.3200000e+000  1.0045819e+000
  8.3300000e+000  5.7557140e-001
  8.3400000e+000  7.6571989e-001
  8.3500000e+000  9.3891347e-001
  8.3600000e+000  9.6396187e-001
  8.3700000e+000  9.2114964e-001
  8.3800000e+000  8.5597202e-001
  8.3900000e+000  7.2500206e-001
  8.4000000e+000  8.3688947e-001
  8.4100000e+000  8.0536962e-001
  8.4200000e+000  7.4743769e-001
  8.4300000e+000  5.8071316e-001
  8.4400000e+000  7.2331951e-001
  8.4500000e+000  1.0256867e+000
  8.4600000e+000  6.6150658e-001
  8.4700000e+000  8.6951471e-001
  8.4800000e+000  3.7234930e-001
  8.4900000e+000  6.8463711e-001
  8.5000000e+000  6.5357050e-001
  8.5100000e+000  1.1703208e+000
  8.5200000e+000  4.0846795e-001
  8.5300000e+000  7.4756388e-001
  8.5400000e+000  7.8210841e-001
  8.5500000e+000  5.5202694e-001
  8.5600000e+000  5.1964357e-001
  8.5700000e+000  8.1128732e-001
  8.5800000e+000  7.8019529e-001
  8.5900000e+000  5.3782386e-001
  8.6000000e+000  7.9045746e-001
  8.6100000e+000  6.2137959e-001
  8.6200000e+000  6.6630848e-001
  8.6300000e+000  7.5837834e-001
  8.6400000e+000  4.3697651e-001
  8.6500000e+000  6.3705895e-001
  8.6600000e+000  1.1076713e+000
  8.6700000e+000  5.5486154e-001
  8.6800000e+000  9.4025741e-001
  8.6900000e+000  5.0743929e-001
  8.7000000e+000  9.0456550e-001
  8.7100000e+000  6.9081284e-001
  8.7200000e+000  8.6699486e-001
  8.7300000e+000  6.0131886e-001
  8.7400000e+000  3.8204394e-001
  8.7500000e+000  8.2795031e-001
  8.7600000e+000  5.9039150e-001
  8.7700000e+000  1.0044491e+000
  8.7800000e+000  7.8083628e-001
  8.7900000e+000  5.5040636e-001
  8.8000000e+000  8.7984607e-001
  8.8100000e+000  6.9215478e-001
  8.8200000e+000  8.2594434e-001
  8.8300000e+000  9.8373997e-001
  8.8400000e+000  4.5450201e-001
  8.8500000e+000  6.0428805e-001
  8.8600000e+000  7.3198594e-001
  8.8700000e+000  6.6941434e-001
  8.8800000e+000  6.8530510e-001
  8.8900000e+000  5.6464715e-001
  8.9000000e+000  6.0022063e-001
  8.9100000e+000  4.5954244e-001
  8.9200000e+000  7.3500512e-001
  8.9300000e+000  4.8500033e-001
  8.9400000e+000  5.1588917e-001
  8.9500000e+000  5.9740308e-001
  8.9600000e+000  9.0375344e-001
  8.9700000e+000  5.2059384e-001
  8.9800000e+000  6.6693904e-001
  8.9900000e+000  9.2714794e-001
  9.0000000e+000  7.5770486e-001
  9.0100000e+000  7.3162408e-001
  9.0200000e+000  5.3222103e-001
  9.0300000e+000  5.8611942e-001
  9.0400000e+000  8.9516266e-001
  9.0500000e+000  5.5944392e-001
  9.0600000e+000  4.4052468e-001
  9.0700000e+000  1.2160080e+000
  9.0800000e+000  4.5730495e-001
  9.0900000e+000  8.4491703e-001
  9.1000000e+000  5.7665282e-001
  9.1100000e+000  8.9116806e-001
  9.1200000e+000  3.2643973e-001
  9.1300000e+000  1.0128672e+000
  9.1400000e+000  2.8170355e-001
  9.1500000e+000  6.3650170e-001
  9.1600000e+000  5.3867592e-001
  9.1700000e+000  8.9111239e-001
  9.1800000e+000  8.6213303e-001
  9.1900000e+000  9.5724552e-001
  9.2000000e+000  7.1253692e-001
  9.2100000e+000  7.0171211e-001
  9.2200000e+000  7.2363983e-001
  9.2300000e+000  4.7861714e-001
  9.2400000e+000  7.3476045e-001
  9.2500000e+000  8.7901130e-001
  9.2600000e+000  7.7067889e-001
  9.2700000e+000  9.2244592e-001
  9.2800000e+000  8.5941984e-001
  9.2900000e+000  7.0144357e-001
  9.3000000e+000  9.8294121e-001
  9.3100000e+000  6.5202148e-001
  9.3200000e+000  1.1740528e+000
  9.3300000e+000  6.1355969e-001
  9.3400000e+000  7.1445235e-001
  9.3500000e+000  6.3945722e-001
  9.3600000e+000  5.0944260e-001
  9.3700000e+000  6.6353475e-001
  9.3800000e+000  6.3164562e-001
  9.3900000e+000  6.5990069e-001
  9.4000000e+000  8.5369997e-001
  9.4100000e+000  7.9687230e-001
  9.4200000e+000  5.3618268e-001
  9.4300000e+000  4.1842799e-001
  9.4400000e+000  9.6273814e-001
  9.4500000e+000  7.2379745e-001
  9.4600000e+000  6.5724936e-001
  9.4700000e+000  2.6207816e-001
  9.4800000e+000  9.4877130e-001
  9.4900000e+000  5.6199693e-001
  9.5000000e+000  6.3360893e-001
  9.5100000e+000  4.5416095e-001
  9.5200000e+000  6.9363231e-001
  9.5300000e+000  1.1728103e+000
  9.5400000e+000  4.2481298e-001
  9.5500000e+000  8.6377887e-001
  9.5600000e+000  7.3467545e-001
  9.5700000e+000  7.1434803e-001
  9.5800000e+000  6.1501440e-001
  9.5900000e+000  5.8766887e-001
  9.6000000e+000  5.7833964e-001
  9.6100000e+000  9.5105738e-001
  9.6200000e+000  9.8136558e-001
  9.6300000e+000  5.3242082e-001
  9.6400000e+000  8.0020407e-001
  9.6500000e+000  1.1010289e+000
  9.6600000e+000  7.1176901e-001
  9.6700000e+000  7.0187654e-001
  9.6800000e+000  7.7543305e-001
  9.6900000e+000  7.5160091e-001
  9.7000000e+000  5.4987135e-001
  9.7100000e+000  9.0064716e-001
  9.7200000e+000  6.2295716e-001
  9.7300000e+000  4.6881447e-001
  9.7400000e+000  4.5839167e-001
  9.7500000e+000  8.1989815e-001
  9.7600000e+000  7.9720687e-001
  9.7700000e+000  8.3405712e-001
  9.7800000e+000  6.5547731e-001
  9.7900000e+000  7.0990096e-001
  9.8000000e+000  6.6817913e-001
  9.8100000e+000  6.3164671e-001
  9.8200000e+000  5.7430322e-001
  9.8300000e+000  7.8979966e-001
  9.8400000e+000  5.2796244e-001
  9.8500000e+000  5.3509759e-001
  9.8600000e+000  8.4449083e-001
  9.8700000e+000  9.5273875e-001
  9.8800000e+000  6.8925253e-001
  9.8900000e+000  8.5641984e-001
  9.9000000e+000  8.0429893e-001
  9.9100000e+000  4.4678726e-001
  9.9200000e+000  6.4195971e-001
  9.9300000e+000  4.6702860e-001
  9.9400000e+000  7.5141148e-001
  9.9500000e+000  1.0289161e+000
  9.9600000e+000  8.5540150e-001
  9.9700000e+000  7.2975622e-001
  9.9800000e+000  1.1198329e+000
  9.9900000e+000  9.9113296e-001
  1.0000000e+001  7.3458439e-001
  1.0010000e+001  8.5964442e-001
  1.0020000e+001  6.2414808e-001
  1.0030000e+001  7.9582783e-001
  1.0040000e+001  6.4544099e-001
  1.0050000e+001  8.1330634e-001
  1.0060000e+001  7.9142596e-001
  1.0070000e+001  5.1370803e-001
  1.0080000e+001  8.9513269e-001
  1.0090000e+001  5.7213318e-001
  1.0100000e+001  6.7645246e-001
  1.0110000e+001  8.9546958e-001
  1.0120000e+001  7.0321273e-001
  1.0130000e+001  8.5308354e-001
  1.0140000e+001  7.7350374e-001
  1.0150000e+001  7.0950897e-001
  1.0160000e+001  7.1392444e-001
  1.0170000e+001  8.2585728e-001
  1.0180000e+001  4.1803684e-001
  1.0190000e+001  1.1727458e+000
  1.0200000e+001  7.6986689e-001
  1.0210000e+001  9.8370423e-001
  1.0220000e+001  4.9368532e-001
  1.0230000e+001  9.3216790e-001
  1.0240000e+001  8.3061290e-001
  1.0250000e+001  7.6690821e-001
  1.0260000e+001  7.4153460e-001
  1.0270000e+001  1.0001979e+000
  1.0280000e+001  9.8478802e-001
  1.0290000e+001  1.0720918e+000
  1.0300000e+001  4.2791312e-001
  1.0310000e+001  7.2508362e-001
  1.0320000e+001  7.0363865e-001
  1.0330000e+001  6.8747770e-001
  1.0340000e+001  5.0521712e-001
  1.0350000e+001  9.4583541e-001
  1.0360000e+001  8.0947106e-001
  1.0370000e+001  7.0009448e-001
  1.0380000e+001  7.1725479e-001
  1.0390000e+001  4.7308015e-001
  1.0400000e+001  8.4154282e-001
  1.0410000e+001  9.3220706e-001
  1.0420000e+001  1.0052708e+000
  1.0430000e+001  5.4390535e-001
  1.0440000e+001  6.7653426e-001
  1.0450000e+001  4.4669323e-001
  1.0460000e+001  8.7698246e-001
  1.0470000e+001  7.5586893e-001
  1.0480000e+001  6.4505068e-001
  1.0490000e+001  8.1761843e-001
  1.0500000e+001  7.3347542e-001
  1.0510000e+001  7.4890146e-001
  1.0520000e+001  6.9444814e-001
  1.0530000e+001  7.1192468e-001
  1.0540000e+001  3.9832567e-001
  1.0550000e+001  8.8617779e-001
  1.0560000e+001  8.7204387e-001
  1.0570000e+001  7.4562853e-001
  1.0580000e+001  1.0755262e+000
  1.0590000e+001  7.8060864e-001
  1.0600000e+001  9.0644750e-001
  1.0610000e+001  7.3628504e-001
  1.0620000e+001  6.5703169e-001
  1.0630000e+001  9.7565893e-001
  1.0640000e+001  7.5780644e-001
  1.0650000e+001  5.0132338e-001
  1.0660000e+001  9.0258517e-001
  1.0670000e+001  8.6077794e-001
  1.0680000e+001  7.8504032e-001
  1.0690000e+001  9.1806201e-001
  1.0700000e+001  3.3406490e-001
  1.0710000e+001  7.0431245e-001
  1.0720000e+001  8.6416160e-001
  1.0730000e+001  9.2133564e-001
  1.0740000e+001  8.5650694e-001
  1.0750000e+001  8.7502811e-001
  1.0760000e+001  8.4350948e-001
  1.0770000e+001  4.6472136e-001
  1.0780000e+001  4.7518222e-001
  1.0790000e+001  9.6757989e-001
  1.0800000e+001  8.5552549e-001
  1.0810000e+001  6.6558541e-001
  1.0820000e+001  9.5993926e-001
  1.0830000e+001  5.0293709e-001
  1.0840000e+001  4.2863783e-001
  1.0850000e+001  7.5806084e-001
  1.0860000e+001  8.4220439e-001
  1.0870000e+001  6.2083944e-001
  1.0880000e+001  5.8116599e-001
  1.0890000e+001  7.9698025e-001
  1.0900000e+001  9.2853772e-001
  1.0910000e+001  1.1676417e+000
  1.0920000e+001  4.7106374e-001
  1.0930000e+001  8.0706983e-001
  1.0940000e+001  8.6130764e-001
  1.0950000e+001  8.2781704e-001
  1.0960000e+001  7.2629760e-001
  1.0970000e+001  6.0709318e-001
  1.0980000e+001  5.4556319e-001
  1.0990000e+001  8.2531702e-001
  1.1000000e+001  1.0517641e+000
  1.1010000e+001  9.6685714e-001
  1.1020000e+001  7.1332386e-001
  1.1030000e+001  7.9502760e-001
  1.1040000e+001  9.2414657e-001
  1.1050000e+001  8.0372952e-001
  1.1060000e+001  4.0913949e-001
  1.1070000e+001  6.0798504e-001
  1.1080000e+001  7.4296622e-001
  1.1090000e+001  8.4870299e-001
  1.1100000e+001  8.4476900e-001
  1.1110000e+001  8.1552819e-001
  1.1120000e+001  6.9368836e-001
  1.1130000e+001  1.1538170e+000
  1.1140000e+001  3.0499297e-001
  1.1150000e+001  7.8669404e-001
  1.1160000e+001  5.3643146e-001
  1.1170000e+001  7.4364758e-001
  1.1180000e+001  8.4726600e-001
  1.1190000e+001  7.0473960e-001
  1.1200000e+001  1.0262733e+000
  1.1210000e+001  7.3896141e-001
  1.1220000e+001  6.1299445e-001
  1.1230000e+001  5.2905124e-001
  1.1240000e+001  9.6523231e-001
  1.1250000e+001  9.1995219e-001
  1.1260000e+001  7.5881082e-001
  1.1270000e+001  7.7758137e-001
  1.1280000e+001  7.8041819e-001
  1.1290000e+001  4.9163627e-001
  1.1300000e+001  8.5344457e-001
  1.1310000e+001  5.8958359e-001
  1.1320000e+001  9.5284947e-001
  1.1330000e+001  7.3635758e-001
  1.1340000e+001  1.0623459e+000
  1.1350000e+001  8.2251026e-001
  1.1360000e+001  5.9441162e-001
  1.1370000e+001  1.1692811e+000
  1.1380000e+001  8.5081259e-001
  1.1390000e+001  7.3136669e-001
  1.1400000e+001  4.5254661e-001
  1.1410000e+001  5.1515721e-001
  1.1420000e+001  8.9070890e-001
  1.1430000e+001  8.9189557e-001
  1.1440000e+001  7.2683171e-001
  1.1450000e+001  7.3431344e-001
  1.1460000e+001  6.7971084e-001
  1.1470000e+001  4.4043050e-001
  1.1480000e+001  4.9699831e-001
  1.1490000e+001  7.2480668e-001
  1.1500000e+001  8.2776067e-001
  1.1510000e+001  4.9427904e-001
  1.1520000e+001  7.7355890e-001
  1.1530000e+001  6.6270212e-001
  1.1540000e+001  6.5905924e-001
  1.1550000e+001  5.8370147e-001
  1.1560000e+001  7.9093911e-001
  1.1570000e+001  6.6901258e-001
  1.1580000e+001  6.9777943e-001
  1.1590000e+001  1.1608146e+000
  1.1600000e+001  8.2929928e-001
  1.1610000e+001  6.4529555e-001
  1.1620000e+001  7.0829790e-001
  1.1630000e+001  6.5306445e-001
  1.1640000e+001  7.8837702e-001
  1.1650000e+001  7.8334846e-001
  1.1660000e+001  1.0203639e+000
  1.1670000e+001  6.7724027e-001
  1.1680000e+001  8.2142958e-001
  1.1690000e+001  8.1147349e-001
  1.1700000e+001  7.3799076e-001
  1.1710000e+001  3.1848211e-001
  1.1720000e+001  9.7869911e-001
  1.1730000e+001  1.1883915e+000
  1.1740000e+001  1.1570984e+000
  1.1750000e+001  5.8320008e-001
  1.1760000e+001  7.9692955e-001
  1.1770000e+001  6.1065186e-001
  1.1780000e+001  6.4274689e-001
  1.1790000e+001  9.8480846e-001
  1.1800000e+001  5.9158766e-001
  1.1810000e+001  8.3250648e-001
  1.1820000e+001  7.7167588e-001
  1.1830000e+001  1.0126120e+000
  1.1840000e+001  1.1075917e+000
  1.1850000e+001  1.1335260e+000
  1.1860000e+001  7.3998016e-001
  1.1870000e+001  7.2228381e-001
  1.1880000e+001  8.3231399e-001
  1.1890000e+001  9.6603919e-001
  1.1900000e+001  7.2930810e-001
  1.1910000e+001  8.1890858e-001
  1.1920000e+001  9.3483931e-001
  1.1930000e+001  5.8223947e-001
  1.1940000e+001  7.3458431e-001
  1.1950000e+001  1.3889866e+000
  1.1960000e+001  6.2764530e-001
  1.1970000e+001  6.9075492e-001
  1.1980000e+001  2.9054797e-001
  1.1990000e+001  5.6507641e-001
  1.2000000e+001  4.5518516e-001
  1.2010000e+001  1.0107691e+000
  1.2020000e+001  6.0896935e-001
  1.2030000e+001  5.7503621e-001
  1.2040000e+001  6.9473383e-001
  1.2050000e+001  1.0067791e+000
  1.2060000e+001  5.7140667e-001
  1.2070000e+001  7.9672500e-001
  1.2080000e+001  6.3532408e-001
  1.2090000e+001  6.3817077e-001
  1.2100000e+001  5.2633657e-001
  1.2110000e+001  1.1553675e+000
  1.2120000e+001  7.6759172e-001
  1.2130000e+001  7.6445053e-001
  1.2140000e+001  9.3693836e-001
  1.2150000e+001  6.0988594e-001
  1.2160000e+001  3.9450187e-001
  1.2170000e+001  7.5845190e-001
  1.2180000e+001  7.8792567e-001
  1.2190000e+001  9.4915068e-001
  1.2200000e+001  6.7893434e-001
  1.2210000e+001  7.4205601e-001
  1.2220000e+001  8.8560502e-001
  1.2230000e+001  6.7559694e-001
  1.2240000e+001  9.0309887e-001
  1.2250000e+001  1.1257726e+000
  1.2260000e+001  8.4922844e-001
  1.2270000e+001  9.2653223e-001
  1.2280000e+001  7.9721617e-001
  1.2290000e+001  5.2481323e-001
  1.2300000e+001  1.0822016e+000
  1.2310000e+001  7.5750201e-001
  1.2320000e+001  7.6924707e-001
  1.2330000e+001  7.6415027e-001
  1.2340000e+001  1.0289683e+000
  1.2350000e+001  7.9952537e-001
  1.2360000e+001  5.6100700e-001
  1.2370000e+001  4.9315644e-001
  1.2380000e+001  6.8872977e-001
  1.2390000e+001  6.4120390e-001
  1.2400000e+001  4.7277181e-001
  1.2410000e+001  5.2904653e-001
  1.2420000e+001  1.0241818e+000
  1.2430000e+001  7.2622725e-001
  1.2440000e+001  9.3561414e-001
  1.2450000e+001  1.0125231e+000
  1.2460000e+001  8.6147546e-001
  1.2470000e+001  6.2603949e-001
  1.2480000e+001  6.6532377e-001
  1.2490000e+001  1.0248758e+000
  1.2500000e+001  5.4769806e-001
